[[-1516 -263 290 -500 -273 -12 1623 -1507 -441 -205 -1096 -35 -791 677 144 932 -459 -146 -529 185 -113 158 435 237 -1006 -1867 470 1715 237 -401 403 263 -970 -429 -1579 532 939 2249 -483 -780 -26 979 251 1025 -971 -218 1211 -890 -497 378 797 -268 -275 794 792 -919 -1153 -606 -288 291 -698 234 566 -178 224 680 175 -1061 -421 -938 -1035 -509 -371 -910 1528 729 -1505 -604 -912 555 4 111 -535 -13 520 878 288 -695 -430 785 338 -11 462 -212 17 -1 0 0 0 0]
[259 258 64 -151 -671 1622 143 -482 -247 -1052 617 1304 229 -1360 955 521 1239 -765 -615 625 -742 1195 -127 1376 -166 -42 -67 886 1673 -898 -337 2099 96 -1679 -648 57 84 726 -589 -459 -925 -412 -112 815 -153 267 379 -298 -689 325 997 -1224 -828 450 113 -1074 -1039 609 338 -334 -2252 -613 424 -673 -175 206 58 -242 -1159 -1235 596 679 510 -273 481 -490 -1465 1249 -198 824 500 -567 104 524 266 800 44 -277 110 915 -122 2 624 5 63 19 0 0 0 0]
[-1078 75 -728 -304 403 640 309 -631 86 2651 -553 -1373 -1397 1866 -1096 -241 -328 36 -859 -240 1451 -17 -19 -482 -282 84 284 778 -195 529 1461 -267 457 377 136 -178 -527 467 -195 -1758 1437 1072 -172 -414 257 122 524 -78 826 -1096 249 -689 939 -642 664 1356 -973 -431 910 309 1210 -1141 573 68 -31 -419 304 478 49 452 -705 302 22 1498 -219 266 223 -1326 317 26 1692 -99 -1971 -112 851 -758 -726 1261 833 1458 -586 -969 -307 -958 141 -111 -235 2 0 0]
[304 249 -373 263 -781 502 -1849 168 1261 -706 -186 725 750 -748 737 1422 -847 354 -253 453 109 -1477 -636 36 -1646 1681 -1284 308 675 -547 -984 38 -1256 124 527 -2277 -357 40 687 433 -1538 461 189 1692 446 -1479 472 1030 82 143 890 163 -173 -68 -722 -2388 1080 -444 -479 423 -1033 64 -863 -851 697 596 89 -870 370 161 511 -2287 -1218 -552 366 -339 -691 -1110 -212 -202 204 -277 335 362 146 -344 558 -990 -431 -1402 -221 170 91 0 0 0 0 0 0 0]
[-687 198 -253 -543 -1181 709 1066 -604 881 -348 -31 458 1810 -1460 1002 984 601 147 273 -355 201 -1145 1496 -1576 -1326 -337 242 -287 1550 -1415 -721 1122 -1502 -17 355 -1246 -112 -1355 366 1405 -1238 183 406 1570 -540 -633 360 -1169 -199 -1732 663 327 1289 158 338 -1474 759 359 -380 634 -409 40 -1220 383 -91 -557 197 -939 -454 -569 749 -543 -2281 -279 -947 -1087 -513 456 -1359 -1470 -731 20 1081 1060 248 521 266 -304 -523 -1134 -176 427 435 241 42 20 0 0 0 0]
[2044 -1327 878 -616 -944 1793 1482 -146 1391 -951 -115 -107 510 412 931 626 385 -1938 144 447 532 808 839 71 -1037 -659 -227 -580 913 -367 -598 115 -213 -964 409 -374 542 160 627 -555 -482 -935 402 418 681 1557 1124 -1133 -183 -768 -477 -645 -57 665 -504 -78 -622 -1443 -243 -1134 -778 2056 896 -692 -235 244 832 -888 -62 30 783 909 -1315 -999 10 1112 -287 -212 -877 762 1148 -145 -1070 1118 -902 1029 -163 -241 -562 -70 0 236 432 368 -204 63 235 -2 0 0]
[1643 621 742 557 -40 846 -1648 1186 804 1697 925 369 733 816 -324 -802 1398 -982 -1128 -971 -301 1765 -26 -6 147 27 -279 -944 -1553 1397 95 612 421 -483 -163 -1044 -1152 66 319 -1509 1148 1010 1830 -642 1795 1567 251 317 428 -405 -1826 384 -614 -804 -2017 1432 197 -1606 -34 -1109 -208 444 278 169 470 -806 -498 999 722 1979 145 391 835 865 -405 1151 421 61 1351 174 579 980 -1107 -169 -1930 -1175 222 712 422 -902 1143 -653 -383 438 -265 44 235 -2 0 0]
[-960 1012 1786 -561 63 -770 -81 -1735 327 -167 1437 90 -327 136 326 -463 286 -282 -1815 -373 -827 -24 370 1160 -1841 -927 791 1690 196 751 1865 671 -998 -602 -2295 296 112 2073 -828 -1667 913 1509 -691 -158 -874 -57 741 -283 403 -836 368 -999 -151 -599 -145 855 -1363 -2045 -96 765 -66 -1892 -795 -237 555 -82 -249 349 -329 594 -475 -165 1242 -264 -1051 614 50 322 1439 -41 -883 334 -1523 948 785 -473 77 73 1268 901 985 -393 610 230 -82 -22 0 0 0 0]
[1360 56 787 1103 -374 -1756 -1093 265 931 -1375 684 -299 -892 -604 314 -120 252 28 -30 -126 -759 553 -1206 455 -661 1172 -389 -837 -742 1874 1187 -1125 -534 39 -742 -681 -521 296 351 391 53 1138 2128 252 -232 -244 1134 788 712 23 -1524 798 -270 -1403 -1137 780 620 -1790 -64 -276 646 57 408 -500 922 -1010 -622 423 1093 1165 1748 -1644 -484 -441 -689 -420 1207 80 1132 -1570 -285 1868 303 152 -231 -1534 389 -1676 1641 -1335 209 216 -154 827 -230 50 235 -2 0 0]
[-149 -201 425 1298 9 -947 2187 1049 -889 -2427 -193 -159 -228 -252 -2172 -641 690 -585 962 95 -517 -530 5 777 1247 -11 130 -167 699 -614 1137 -1390 -98 -860 1270 1165 -849 -934 -1336 1854 344 -1641 -560 -626 -1994 399 -791 632 -730 631 -263 819 180 829 884 140 -221 1396 -642 -260 -741 520 1146 837 -132 -400 -177 55 -1026 -583 -6 1020 -85 -669 170 -537 896 323 315 -621 -1544 311 1367 -1375 -865 935 1450 -674 829 -364 52 835 -150 213 74 29 0 0 0 0]
[-556 -737 -135 -84 829 1528 -336 791 935 982 -1207 -1919 381 1596 -1461 38 -364 -1646 695 311 2677 -1067 1118 -488 -76 1019 430 -76 1113 -1724 -7 -137 -1102 -554 1525 -191 -1823 -954 529 2 200 -1146 -2248 -583 1146 1091 731 1 178 -1612 1402 -991 1079 169 15 105 -1145 933 -885 -557 76 -17 -143 -587 -193 -187 1405 -764 -564 -982 -1059 16 -2651 977 10 -351 -163 -1367 -462 719 479 -302 421 1343 365 350 -706 435 -47 -99 -1243 -276 -377 -1118 206 -92 -235 2 0 0]
[335 986 -1350 1281 -31 338 2392 569 -420 221 1412 -541 1004 -831 -602 -909 691 -283 -1338 -316 258 850 766 441 151 -134 604 -350 102 144 1599 533 2237 629 762 -165 -1104 -752 -1155 -251 2037 450 1637 -751 -604 -401 -162 679 843 -868 -312 -790 763 -951 250 1911 164 1188 1805 1091 -176 -1725 1155 -70 -307 -435 218 1830 -929 333 719 1276 454 891 -1254 -700 1489 843 1196 -1809 141 1688 -199 -438 -710 -1574 -350 1038 1395 350 -9 408 386 969 58 27 0 0 0 0]
[326 -1281 411 -1753 -558 1679 526 -113 435 1877 -1375 -879 -2711 595 779 224 330 292 468 198 774 1019 -323 197 -321 -618 57 507 575 728 -1529 -151 635 -1005 -877 -222 168 694 728 -1878 -39 -105 685 372 -211 -233 706 -153 -567 -63 -91 1586 -119 -383 504 391 -805 -1178 762 -1392 692 1356 732 -475 257 -18 957 -1096 -241 -206 -273 1091 1205 -24 798 1083 -856 -678 -698 1426 1902 -609 -1293 -473 1565 58 -704 765 -180 1657 -246 -841 137 -563 -81 -26 0 0 0 0]
[1595 58 -4 1166 -1354 229 1768 63 -252 -2723 667 65 433 -1569 -268 764 256 -1385 -469 176 140 1203 138 1892 -2323 -908 -1327 1218 415 606 449 980 393 -713 -69 -1478 111 326 -1193 -10 -209 -201 2075 1415 -2101 -195 239 544 279 957 -354 352 -509 -375 -871 -1098 24 -863 481 318 -2866 1028 329 -427 687 -238 -1 -828 -477 -339 678 155 -5 -2093 -1001 850 644 715 220 -79 -743 12 390 717 -172 295 666 -1403 738 -1459 289 1288 641 1557 -307 161 470 -4 0 0]
[-1552 477 -993 222 53 -686 -648 -1087 -490 -929 976 -237 1695 -737 1313 -796 -1757 771 710 523 326 -1287 1555 74 446 424 110 -529 -264 432 -7 1239 640 1764 -852 -26 1501 -2024 -214 945 1257 -1466 -1666 -815 -379 -952 -1874 -599 341 -174 1342 85 359 334 478 -859 501 1102 1252 1106 996 -1047 -1438 566 -625 727 40 -920 92 -178 170 230 512 -1300 -1465 -166 1145 954 416 -314 -2509 -1299 328 1590 1802 -37 -1815 311 -764 305 -27 669 324 586 -58 21 0 0 0 0]
[-2518 852 -1259 844 -972 913 -286 -1403 496 475 -487 1273 83 1685 -732 1299 489 1020 -344 -383 -456 -1531 897 -996 558 808 82 1044 1773 -696 657 494 -691 192 869 -710 681 -1694 107 557 277 -660 -550 89 -468 180 -780 188 -225 -1406 1634 246 1137 1178 1079 -272 845 1646 707 1280 -562 -1357 -578 30 -11 -95 225 -157 454 -536 -189 632 -145 873 -327 -808 -521 -1023 532 -659 698 -1908 -1343 -589 410 781 133 864 -426 630 -133 -792 102 -1003 144 -97 -235 2 0 0]
[580 -183 -1387 1493 -685 596 1340 1050 93 -1555 -885 654 181 1045 -1155 1709 129 -749 126 833 -316 1113 662 1313 353 -973 -1132 551 1285 -363 -517 1287 926 -413 752 -698 -693 -304 -662 428 286 -1508 900 -295 -232 384 -201 875 -137 536 267 -387 -682 330 -902 -524 -281 448 250 -223 -1243 785 1748 -895 110 919 1188 243 327 -334 520 -264 332 -251 -202 -56 -843 -403 352 1376 946 -610 161 -45 -187 862 -917 -2247 364 -567 -657 467 244 491 -118 63 235 -2 0 0]
[-1169 206 -783 -867 583 -1039 442 -821 -1255 -927 -1662 -589 -346 1253 73 1543 117 172 701 -442 638 -718 170 -419 876 -1477 519 1141 201 -286 -16 673 -739 -368 -30 980 744 151 474 729 -1790 -568 402 494 64 1053 -965 -1169 197 -994 270 -661 574 713 818 -272 -1085 497 -199 140 -228 -478 -2223 -266 -842 618 -365 -250 -114 -1527 -787 0 -1351 -391 -702 -299 -1246 115 -1560 -262 -459 -1236 895 1003 1974 1232 -906 -1384 -168 752 -426 -362 -24 -492 21 -32 0 0 0 0]
[-189 -438 696 -830 2102 -1797 455 1138 -113 -607 -396 -564 565 55 -381 -483 -847 989 -515 -790 -415 -1544 1197 113 993 -475 472 -1142 -230 -954 -63 -1286 -210 -409 57 1220 -1838 -567 -141 1033 -81 1136 -612 -191 60 -1056 -809 1013 316 -334 156 242 777 -51 345 1049 1114 -35 -442 179 697 -885 -1425 272 -369 842 -479 1257 -1277 1157 -350 -213 -203 -2 -422 -2 -337 59 185 -1021 -2022 1080 1090 50 754 -634 999 556 -142 -281 942 14 31 174 155 -6 0 0 0 0]
[551 210 308 -685 288 2493 248 -374 277 -88 -278 -148 1623 413 2054 -545 2266 -1088 439 -1077 549 1513 2433 -326 1344 -1472 1131 -1925 1136 44 -2854 1407 -651 -1089 -1504 404 -599 -1110 1438 -659 260 745 1073 325 1736 1389 -484 -1232 -655 -1511 207 232 -429 1600 -356 1142 758 -144 1116 -761 -1871 921 -42 -254 267 288 801 -147 -1251 -495 -269 1973 -1273 177 1120 502 -819 503 -163 -269 -319 1443 725 1261 -787 -62 -358 1389 -1453 516 1025 -247 -230 133 -215 54 235 -2 0 0]
[-5 110 -2540 -249 654 715 -693 1421 -1123 660 1251 -179 568 -1657 1035 71 1514 -114 635 184 1089 569 -605 -1050 2179 1098 442 -1357 -875 1269 -274 1084 1123 -568 511 415 256 -1643 816 965 227 4 846 759 1559 -403 -329 -896 886 -386 -528 -1449 -238 -436 562 543 -578 1588 1154 -909 -806 425 653 132 -739 -148 -767 683 -759 -596 1250 1058 -1829 1137 -312 -901 865 1900 -1165 -1233 233 25 1348 -126 541 110 -1704 -5 32 1158 -1383 46 -534 121 31 -2 0 0 0 0]
[-42 553 1277 -144 -1597 1918 -2170 1169 1820 1741 926 764 607 143 -299 -408 1442 -1183 -928 776 -159 -687 32 -588 718 2383 -816 -1195 274 -1047 -14 975 -750 -1310 767 -2048 -1086 -277 -440 -1226 213 -1423 -1363 -1046 1547 2437 373 1087 -899 -952 -152 297 688 61 -307 -1218 724 160 -1626 -587 0 -816 -1370 114 -42 -1506 241 -186 419 165 -158 346 537 1051 647 -141 -424 307 876 -82 228 241 -834 244 -1326 -529 948 1173 -81 54 1047 -965 -218 -896 116 -88 -235 2 0 0]
[910 281 -908 -667 336 412 -1016 1261 342 2072 -403 663 1090 465 1189 -161 1111 1614 102 -989 -710 -380 -864 -765 815 -110 -43 -1006 -1664 188 -1778 -548 433 677 346 -1611 -933 -744 2044 -810 -412 53 1225 -7 1701 -497 -1051 -535 -526 -1467 -693 1370 -384 -221 -618 259 -729 -640 301 -783 1098 1763 -249 -17 764 1160 106 -495 450 1091 -292 -420 -1380 611 -343 902 -299 -815 -965 556 985 -441 -621 -2106 -1138 370 -733 32 -943 -116 72 -493 -334 -200 -139 -4 0 0 0 0]
[2608 206 -490 84 1111 -156 -1980 668 -567 -445 -988 -366 -145 -538 449 -364 511 2274 780 -87 -114 304 -1339 1525 32 251 -1426 -911 450 22 -1611 898 724 484 560 -708 -1349 136 433 -491 -2162 72 -527 90 916 -795 -1771 362 -883 -28 111 -65 -684 -773 -478 -638 369 -557 667 -266 699 -287 49 -907 501 355 -884 423 -913 916 215 -669 637 362 -1301 -984 -814 560 -406 721 171 -850 1203 368 1665 -220 -189 -247 612 61 -1771 595 -232 -23 66 -2 0 0 0 0]
[-63 1475 -186 -83 -132 -1579 -566 991 756 -346 302 2340 1291 353 16 -401 958 -79 -578 -352 -2139 -1717 -1044 173 1122 220 -1035 -183 -182 -182 -2144 -285 -628 -1144 110 -671 -580 -1146 221 714 -901 -1400 -1303 -287 -396 -74 -1916 710 -389 -580 -656 675 -658 339 -609 -663 -5 -155 -761 171 -542 -879 -1290 729 -433 34 -578 24 371 408 595 -508 745 481 -443 -442 -767 681 859 702 -323 -1389 -139 -1264 -1240 643 471 -1038 -312 -58 1115 -673 -232 -313 42 -14 0 0 0 0]
[142 144 -388 71 -1718 -378 747 707 947 -1441 -184 639 62 -156 719 963 163 110 1818 154 -332 -1924 -329 -1532 929 -705 -461 -1223 240 1548 -1399 -1706 657 -1152 736 180 2011 -959 644 1369 -356 -3151 98 -800 -556 1132 -254 -1122 -429 -677 -2134 1346 645 484 535 507 299 -636 -844 -922 1182 2019 440 -307 -1060 86 -637 -252 1626 592 823 1835 844 -1106 -597 161 261 1198 -228 -1283 -1459 -332 -898 -539 107 530 -294 -842 -719 599 416 307 441 889 -349 22 0 0 0 0]
[-58 -946 602 198 656 -470 -513 285 787 -878 -82 206 -1425 -328 -189 -267 -1506 73 1177 834 1288 -356 -65 -85 34 245 -905 -1551 826 -197 -568 -2751 -486 311 -517 -34 -1139 -181 191 1070 -596 125 -1192 -648 -59 235 692 -471 258 477 -587 3 792 -111 211 88 589 -320 -623 143 1380 -610 -14 176 498 -292 573 -95 1136 -569 1283 -1484 -1510 1289 1136 -1856 310 -654 98 -612 -436 887 1028 805 -134 -363 454 -869 542 -1010 -304 302 -464 -742 143 -79 -235 2 0 0]
[-1654 52 610 -73 -463 -162 1505 -367 -395 -1674 -199 1290 171 -611 -1138 1013 1184 645 -860 -148 -1304 -287 1824 -101 -880 -2292 -171 664 627 -804 915 1359 -520 -1999 -328 617 439 252 -691 1078 -74 -128 606 -258 -401 1201 607 -130 -124 789 34 -380 374 425 760 -1174 205 588 -1875 578 -1408 -237 -284 -20 832 -301 -1047 80 -1062 -870 -510 614 373 -42 99 23 -1479 1262 -561 -843 -1982 -682 1819 -829 178 1607 1863 -578 183 -1101 535 888 905 646 143 54 0 0 0 0]
[1353 2 210 -498 -573 749 982 886 494 -920 250 -8 490 -1256 645 804 -293 -718 61 855 1964 -1353 -624 1420 -1385 184 -660 336 513 -1135 -902 -569 -228 -467 849 -2148 -1070 390 -28 1274 -1880 -1211 -138 1104 -1844 -861 -680 416 -627 -182 -150 80 174 -955 401 -2428 -147 242 -485 -309 -1037 -229 -1570 -535 -479 -236 265 -1816 -271 -1352 -118 -1034 -1229 -1191 -554 -875 1202 -189 -1670 -1342 -551 -432 1386 688 712 531 356 -1578 654 95 -843 625 129 113 46 7 0 0 0 0]
[21 -652 114 727 328 -989 2014 390 -1579 -982 1104 894 126 -1956 -693 -578 924 -644 -1351 -853 -1414 2119 99 860 -1086 -1491 864 1270 -254 929 264 230 306 -471 -2141 2040 89 247 -811 1032 65 1856 2069 1773 -2090 -1012 1531 122 -149 1541 -133 1913 -796 -104 -294 924 549 1084 495 781 -2264 199 235 498 573 -25 -304 274 -898 -487 1003 1001 191 -370 621 169 674 2333 1035 -439 -338 884 1466 -1613 -766 302 1032 657 -550 -971 1182 667 485 1101 -13 147 470 -4 0 0]
[1286 -141 -1402 1995 -300 225 27 118 -1023 -1624 -1590 -477 846 1382 198 745 -2185 -1529 784 555 1344 -323 -1816 1610 -564 235 -879 430 146 -1058 -561 -1422 355 1299 108 -560 -188 1676 876 -568 -1238 -939 421 653 168 515 -90 -293 -1000 392 887 -750 -664 2048 -454 -1274 -857 -133 728 169 -866 1004 1330 -1524 -63 2518 440 -1730 150 -237 -1052 -1409 -2729 -1221 2474 656 -1222 -2066 -212 860 1678 -212 -735 134 -757 662 -1142 -1088 -715 844 -153 573 -181 -145 -98 4 0 0 0 0]
[-582 1682 296 -25 919 -1668 -913 180 -731 884 1123 -75 -681 -821 481 -288 638 1738 888 -1878 687 -370 480 -2211 21 -1702 826 -341 -1506 1963 81 -867 583 -571 -152 862 1312 -451 899 365 153 329 697 -1388 220 270 -837 -1260 877 -792 -2136 -225 323 -1610 -314 1885 327 -496 -574 -170 1004 -1625 -1755 104 -38 -889 -1865 831 -187 486 -547 1328 791 1180 -1453 -3 509 1434 526 -2009 -1762 -78 1338 492 1045 -580 -1050 907 676 180 140 -275 -65 419 22 26 -443 18 0 0]
[637 -1653 -683 390 512 -996 193 1040 462 1520 -2013 -1115 -1979 1638 -498 676 -82 -965 -737 129 989 1900 73 624 -282 -448 -875 -501 -1813 1064 -631 -50 18 -422 -2160 -368 -1474 719 532 -441 1154 745 2439 781 233 476 1711 2010 483 409 -883 1376 -333 -1278 -375 815 959 -1093 216 -743 -93 988 496 -623 616 -708 334 -1116 1246 103 -664 -1032 -315 410 1255 2040 506 175 -399 44 1651 -48 434 -124 803 340 -847 -1526 -33 -534 337 -312 -352 41 -148 52 470 -4 0 0]
[-293 -247 624 -740 -380 256 347 -1423 -1059 1045 -1110 -1599 -1938 224 1388 -1076 987 -688 -166 -516 260 1782 -565 -18 1149 -396 -18 -1182 -1853 978 1644 -458 684 -1358 -1772 -15 -542 1244 -652 -2492 2007 400 2029 -775 573 1950 197 241 877 140 -1950 431 -686 -824 123 1021 -1867 -2106 -34 -1434 1056 974 1148 763 281 -561 -224 -693 992 269 -1198 777 377 -894 1509 2227 -402 -996 -242 -103 726 2232 -1265 -384 351 -668 -690 -563 119 1340 731 -1104 -1078 -707 -364 9 -443 18 0 0]
[-1027 -561 720 -263 -557 -2573 1366 -586 -639 -2409 1014 885 -1070 -707 -1119 373 746 314 -1825 -901 -1951 -568 -78 1370 -2004 -1213 -1065 1624 -14 555 271 -81 -1315 -832 -1413 -795 119 470 -137 -248 -390 1491 1059 1436 -2502 -1308 -222 1675 907 875 -57 103 -477 77 -464 34 673 -1744 -270 1838 -2129 400 -384 401 1806 300 -318 258 -649 143 -65 -545 -1001 -90 -42 196 -128 -178 844 -90 -352 -605 280 -950 -260 1140 1761 -738 723 -1612 615 586 44 334 -509 94 124 18 0 0]
[-862 -580 217 61 1009 265 -506 -178 1189 -986 -547 121 84 725 143 282 -1304 937 -283 441 472 -1357 994 541 228 356 -64 53 -40 -930 145 102 -755 -469 -245 -1443 -1631 110 163 -391 -161 297 -310 431 795 -1766 -10 152 -354 -381 1741 -667 -314 -21 335 -2247 -1743 77 279 -694 32 -1044 -58 -56 509 1887 572 -1456 -2395 -368 313 -1567 -2077 -524 1242 869 -1246 -1122 -1062 671 -1527 -463 542 183 870 995 293 -972 -111 -110 -324 129 687 -635 139 168 -319 58 0 0]
[-2579 481 343 -662 -518 -214 -261 -1742 38 277 481 374 89 153 481 -868 270 504 238 -101 -1406 464 1205 -1035 -235 -1029 1102 846 1871 -423 762 1860 -839 847 -1730 1606 1326 -675 -20 523 328 718 -1091 -740 -260 582 585 -2127 352 -772 1322 -643 1261 497 377 668 -1170 337 -249 1299 1556 -1552 -1066 235 359 -815 562 553 265 -261 727 -453 607 1112 -1335 -1387 -932 482 526 815 554 -431 -240 547 728 9 -1050 516 830 288 110 -436 268 -551 839 -151 -81 -79 0 0]
[-742 702 -445 411 655 -1697 -1150 429 362 -153 293 -370 -200 298 -249 -740 -2997 1153 342 907 737 -1470 26 429 -627 41 -1408 574 -944 1435 -739 -828 83 1601 -348 -1082 1003 38 363 141 960 1297 -531 146 -519 -2819 -788 423 658 1078 512 486 -307 -429 -421 -1081 -345 -610 856 584 373 -547 498 445 664 822 -218 -727 -425 912 886 -2545 613 -606 516 172 27 -813 631 850 -1078 -39 147 -198 532 -1020 -504 -896 301 -746 132 536 -45 -4 628 -85 145 0 0 0]
[972 -201 1416 656 -386 -866 -128 -179 1236 -1407 -899 860 -1705 465 740 488 -157 614 597 -842 -1783 409 -589 -21 935 937 482 -254 862 -665 -132 -655 -471 -81 147 79 378 360 -179 937 -1528 -125 2329 880 -1007 -982 348 1464 -862 845 -397 1457 -652 47 -377 -340 1720 165 311 -694 513 -69 86 -192 -292 -110 194 44 -4 577 65 -180 1573 -1204 742 420 -151 -889 284 -396 439 634 52 -714 -317 -513 996 -267 286 -678 318 -603 437 319 -267 238 -180 -14 0 0]
[-779 -957 755 441 529 -686 -514 1266 -732 1504 681 859 -1803 -71 -2085 428 696 -451 -671 381 -463 1719 -195 1301 1030 -154 -163 800 -274 -1248 1048 732 121 -1791 -191 166 -2315 1104 -1007 -1161 1303 -429 -1110 -787 -731 976 101 1913 -180 728 -140 -904 -247 -1088 -932 1493 -1404 -210 -982 -1338 -1039 -237 671 677 -9 -596 468 573 290 -359 -744 1028 964 1643 -15 -163 -1165 450 704 2120 190 -740 -401 565 4 1044 -63 -277 822 335 81 -707 -334 -854 -107 -195 -141 38 0 0]
[-1408 86 -43 -982 640 -341 313 634 -2378 707 1049 488 404 -1610 50 940 551 -235 -812 -26 223 1240 85 100 -372 -1564 1578 1457 -1700 270 -317 601 769 148 -1662 1242 864 1780 -47 -146 590 1353 886 263 -526 -191 591 351 134 2144 132 -168 -597 94 333 192 1144 1604 -490 658 -1310 98 -1511 -502 295 535 15 455 391 -1670 -1806 561 1118 526 1091 841 210 948 -296 -450 -1270 265 2017 -207 379 -98 -1 575 -849 -168 1154 428 262 1266 0 37 357 3 0 0]
[667 -832 24 1392 -1637 1174 -106 -554 -146 1013 -478 -725 -541 189 -208 -45 2186 -1190 457 -406 21 2148 -846 -126 -876 187 438 -25 1130 635 -782 1214 458 -1522 65 356 -74 -277 1616 -1108 -295 -221 829 -622 -841 1481 1596 159 -984 542 -153 69 -777 -1109 -720 444 -446 448 275 -1019 -481 574 2018 -1328 849 -1503 465 -679 -3 -467 184 1733 -360 766 928 -159 -299 448 560 133 2064 718 422 -468 128 -6 -181 1316 416 1296 -1240 -177 -450 -294 284 61 79 22 0 0]
[250 -283 224 346 954 331 239 1199 -442 -203 667 -387 980 1423 -734 375 158 -668 -430 -410 291 745 1911 717 -208 -1220 591 1047 -184 1627 286 1604 -75 5 466 234 -376 432 103 -106 1466 1218 928 623 1579 233 -1096 225 450 -461 -179 71 -794 847 -1837 961 -163 -1766 185 -982 -1992 1646 642 230 99 1204 -217 789 -1383 1614 -450 576 789 -1113 -911 1412 -486 -929 972 1268 -1008 -492 -57 837 -346 7 -939 -238 500 -593 816 130 117 1061 -184 -137 370 -42 0 0]
[455 -722 443 -133 117 -1301 -1087 838 734 -423 -791 -360 239 -176 379 -1135 318 238 -83 -600 -1005 -1456 18 922 453 1651 -934 -1026 -253 -155 266 -1342 -955 -161 -671 -564 -2027 -2374 -209 1040 112 -121 -157 481 -1502 -1191 -1378 1445 -70 -911 -245 2368 135 -1374 -460 140 -181 -508 413 -945 774 -248 -1311 706 -130 -666 -751 -787 795 1856 1372 -945 -193 -902 -1342 -18 1503 -328 344 -967 -900 436 -111 -337 975 -542 255 -918 -123 -832 502 -814 -905 -730 395 102 236 -14 0 0]
[286 -1537 1067 -737 558 295 262 225 1359 1920 -938 1384 -281 1403 666 903 -572 -1117 -329 611 -835 2260 467 122 -440 -1216 723 472 1023 -213 -2619 569 -262 -1312 -1478 1265 9 1028 1733 -218 -900 1179 150 -356 947 174 1939 -384 -576 773 519 285 -782 157 -1490 184 511 -458 -608 -955 -130 972 564 -965 -45 648 1806 -728 294 -235 663 -246 283 554 1380 659 -2443 -310 429 2649 2241 -421 -63 14 -148 -26 -753 425 -805 123 761 -519 731 238 94 -16 413 -47 0 0]
[1237 -378 128 83 856 1179 1149 -1910 130 -1680 290 -1497 -529 1472 -317 -664 -100 -979 -715 -458 1228 456 957 1510 -562 -425 782 857 937 -60 1975 559 1050 -644 993 908 649 -2 22 -568 336 -979 111 -430 428 1460 -93 -701 1368 -691 758 -1659 12 21 599 1210 -1348 196 1536 535 -692 -906 710 -1060 -154 468 -28 -475 -1592 -741 -667 1517 -437 -1117 -1201 900 869 -19 -50 -35 273 -1041 -901 1188 573 1048 -292 652 1134 679 -1096 521 607 62 -354 -127 -82 -4 0 0]
[140 -25 484 426 435 1141 -190 168 -1343 858 -77 1484 -133 1551 -1310 516 -244 -372 -504 -330 405 1966 425 702 1064 -2093 -12 1538 -1532 -338 -125 1155 1345 41 729 216 816 612 -639 -861 -49 -251 858 -802 74 1424 -864 -599 -400 1280 -575 -358 -1352 571 -876 -556 -837 1061 134 -1268 -745 313 300 1411 -904 517 -60 616 12 -500 -683 1108 1619 337 1211 520 -863 -488 -347 1830 567 -1423 -258 -176 -659 1089 428 153 -618 83 424 -303 -179 -492 68 26 -192 -130 2 0]
[-217 -714 445 -1611 584 1453 1125 -1139 -743 178 -709 -1100 431 1273 1161 -287 961 -44 267 -373 -126 1617 2070 -287 1250 -1671 1385 -776 -6 553 -569 2530 469 -872 -380 901 488 439 -324 -764 921 281 -522 -558 1517 326 -545 -1439 -623 236 279 -677 -1568 828 -112 -286 -1045 -691 277 -1603 678 1231 1257 -264 -734 726 288 -41 -1154 58 -668 1065 692 -1041 496 956 -1748 -676 -859 1814 -854 269 -42 711 1222 493 -910 113 -812 1773 -717 -531 -40 189 -130 289 151 54 0 0]
[-892 1010 -557 -289 -1029 1192 -2266 718 169 1114 991 632 -647 -1237 -969 243 690 494 -1070 -117 889 -872 -128 86 -818 752 -1471 302 437 1204 -232 672 136 -153 -257 -1841 -579 -21 -690 -889 859 1141 629 787 266 -1405 -649 918 831 -329 -197 310 291 -201 -237 310 1221 -629 576 313 -585 -590 380 435 279 274 -432 1015 100 1752 483 428 893 1838 161 28 612 194 1466 -448 -200 -507 -1100 -312 944 -857 368 1172 78 -382 319 -127 -298 -254 -91 113 -109 -132 2 0]
[1532 -869 184 -1267 739 750 1659 1558 -262 -505 -60 899 381 -1529 1390 -164 1495 -13 -383 -280 -729 699 697 -10 69 -750 666 -506 -17 303 -1762 -439 965 -1076 526 669 -536 -581 482 -84 37 112 1127 873 1059 -700 -1173 43 -262 603 -801 647 -1148 386 -148 420 279 -815 220 -1320 -1978 947 894 -18 -185 672 -156 103 -1474 446 976 1753 221 65 92 656 -648 643 -566 243 -674 -411 1082 -790 -912 51 270 749 -834 -43 564 187 195 1092 -347 -51 185 -4 0 0]
[-1632 2248 -941 85 -1136 1451 -1183 -2012 447 1746 6 -769 -31 -2176 1583 146 470 -321 450 398 1082 356 214 -362 -1551 485 495 1319 710 -303 619 2929 -645 -638 -1715 -730 1049 1194 -365 -1303 820 767 -106 903 -840 -608 1722 -810 411 -412 1558 -1249 189 -1099 681 -912 410 826 460 977 -1084 -1919 -104 -1160 328 -1919 -652 -1153 -188 -1796 -1095 -189 1344 46 -240 -354 -460 1064 -351 -608 -612 710 37 2333 2038 -1456 -1505 574 374 596 -195 -54 912 517 102 -235 -280 -41 0 0]
[-99 1157 -1275 951 909 -590 1948 18 484 851 -728 8 74 1522 -969 -245 556 507 -816 -366 -196 -893 483 -785 145 -807 -153 -665 -704 1139 1037 -980 -194 1177 147 -338 -320 355 -872 -283 1551 1247 454 528 647 -798 -30 -1125 -61 -2075 -946 -410 -450 532 163 874 -900 -893 933 -10 784 -241 3132 986 30 295 -618 633 31 1371 907 -591 -1327 606 -47 -739 171 -744 428 -743 333 1304 -1109 -1151 -1366 -551 -52 -896 235 273 -873 -339 -514 -74 138 -17 138 -80 56 -6]
[-546 1425 -786 1145 -404 692 659 -680 -325 -278 -1257 -2381 -901 1795 -1588 953 -763 -393 577 -986 2154 -655 15 -576 -1567 -959 354 1957 681 1111 715 -1084 -957 402 1103 14 -185 1252 291 -713 328 1060 1478 829 -397 -589 1105 -606 -8 133 520 412 213 48 -169 542 -1952 -397 847 34 -1471 -32 945 -1029 923 765 399 -186 -76 -78 -1009 -241 -1414 -540 487 725 715 -2064 161 -774 -681 1793 -444 -177 -1 -752 -30 -93 527 206 -343 181 -147 -132 136 -47 92 35 0 0]
[854 -45 1224 -66 297 543 -439 1328 669 463 610 821 470 -581 -29 -519 -241 -486 845 -888 -477 93 117 -271 80 58 946 -628 -114 -1156 -1990 -1535 470 551 713 792 -467 40 1162 696 494 -1100 -472 -1372 62 -141 -173 1670 48 461 -707 -471 -182 292 -928 2410 1566 56 -440 -546 614 1338 145 -198 -554 577 743 1297 1349 1407 -1613 1481 2612 1071 192 534 884 -879 663 439 242 -88 -443 -629 -1544 -659 498 1314 -397 -1068 790 -299 -275 866 130 -3 5 -182 -51 9]
[-212 -186 824 -1568 929 -1090 -1367 610 -372 123 -31 766 -192 -2694 279 -1310 224 689 1080 223 -1493 834 -737 -1 2176 -210 -281 -1647 -607 -1009 -2527 1008 66 -1418 -827 1288 -1213 -314 212 484 -361 -346 -619 -758 604 -408 0 889 217 1369 -208 678 -608 -336 -235 758 -154 1067 -1093 -974 989 627 -266 1232 -245 114 122 986 -218 -561 461 219 1963 837 1153 53 -1344 2342 -96 1988 -1423 828 1739 -595 125 -193 1090 -478 -1124 -1013 609 -58 -58 25 139 90 -253 -169 -149 6]
[375 -1060 102 -117 -1367 -251 631 -770 861 -888 -685 -1242 291 -164 1955 895 -1262 -576 1638 232 1813 -828 941 -1057 -1342 -1298 525 -1284 407 913 -2028 -571 -305 522 -939 97 977 -46 992 566 -45 -1549 -9 501 -396 -132 292 -584 -15 -19 -578 1099 219 84 109 -63 1525 -1896 -245 -189 695 1330 -355 -456 -545 420 907 -1766 890 -10 -550 707 -940 -1701 10 1229 1091 798 -250 -1165 -1302 244 491 2581 1407 246 -1181 -2 -1232 274 173 1076 320 946 -697 -266 68 -32 -44 0]
[-1824 -1002 778 -1754 660 740 329 760 645 2624 -28 -474 -831 692 274 -647 337 -392 -314 67 1257 -176 2725 -1190 443 -1346 1086 -1073 -798 -53 -1740 250 -1252 593 -1886 226 92 603 884 -1742 2329 942 -836 306 1345 6 762 28 -408 -1101 -108 535 -273 943 542 1053 1176 -578 198 -347 709 145 904 1139 60 126 567 -447 -659 441 -1330 578 -327 1847 2379 270 -149 -496 9 209 -477 419 95 1182 -151 -290 -930 1466 -1649 127 819 -661 -616 -469 -196 -166 -57 -90 -12 -3]
[673 1078 -615 -592 -334 1586 -542 -608 1923 2054 -355 477 1638 1576 -1644 -798 -363 -421 246 -635 1052 -1685 1017 -1709 -210 840 -1479 -346 529 653 -653 409 -1031 -175 2400 -2459 -383 -2664 485 421 -663 215 -797 423 365 -651 -1800 -1148 774 -1329 -547 -510 566 -698 -717 -1368 719 -623 212 -498 339 179 466 1868 -950 -1136 -1151 -558 58 1791 766 -536 28 553 -1560 -167 707 -1537 -862 -288 493 -1703 -1726 922 -612 205 246 543 -100 -1777 -845 -911 -709 -534 -321 38 -196 88 -56 12]
[1033 289 200 -838 -763 490 583 -1079 -201 -1889 422 -523 885 -1552 -852 824 -315 -87 -705 588 152 -1561 92 635 -1316 1118 -1360 250 1485 -1082 1718 603 -510 74 1790 -647 97 -1269 -578 138 -1156 -309 -347 654 -758 224 -1230 1464 787 239 988 -452 1288 135 648 -1079 1989 575 -160 1760 -1793 -1234 -2502 326 68 -179 -614 436 -438 -513 786 333 260 -916 -2079 -660 832 281 231 -1239 -153 -254 -37 1004 428 -510 1696 872 -745 -1240 -205 312 -49 178 90 -39 -41 179 48 -78]
[319 -463 1924 1500 98 549 -254 1083 898 -2030 263 664 -443 500 -330 286 -844 -1127 310 35 -681 410 524 1214 731 31 1119 -327 -382 -2 1039 -816 -110 -1698 -144 604 -484 1038 214 365 1103 -1323 824 -626 457 194 1417 -235 -776 572 -300 -277 -1457 868 -370 500 -1935 -881 -284 -2900 -8 997 2075 -372 138 1383 -123 -438 -604 813 -396 594 674 -1200 1381 1050 -688 156 395 265 -2344 847 -775 -393 -1040 536 1169 -1092 864 54 673 376 914 872 -630 176 101 -45 -61 75]
[-212 1023 770 223 -343 1625 438 -36 -74 329 -5 2133 981 -46 -460 716 314 59 -997 -746 -662 1052 1422 888 -764 -1222 -744 509 600 -1475 311 1098 -1058 -1502 -670 -1360 -1517 59 -833 273 -103 491 971 748 -843 202 -398 -900 -1329 750 1008 1560 97 987 -114 -2299 626 143 -383 -583 -2225 -21 -950 1217 550 278 -451 -2360 -605 337 -870 -111 -459 -1189 -51 1134 -1156 -508 -210 310 -1472 -1354 42 -23 -476 1413 1111 413 -292 -748 1661 205 376 406 -166 -138 140 140 188 -84]
[-126 -1 -561 81 -699 1761 -110 -512 447 -849 -345 -1110 -1522 26 -349 1468 1286 -363 123 -212 2471 -525 -28 -403 -1967 224 -420 1304 1559 475 338 -697 -748 -186 641 -1238 539 679 -171 -910 -569 -587 40 1301 344 440 938 -578 265 -2063 -47 -1174 879 -180 369 908 -1751 -374 897 139 -1263 -688 108 -1693 109 82 370 88 341 -904 351 713 -1355 1224 -306 -623 42 -587 -174 -227 827 -772 -813 863 802 350 -300 -248 406 -84 -1840 -352 -65 -837 543 415 -71 -19 -90 2]
[1834 -870 -53 179 -257 560 1936 1194 -423 -1404 -377 101 -1949 -899 -471 373 1387 698 1860 451 -368 1514 -16 513 731 -324 -1494 -705 1361 114 -546 333 -155 -171 1861 -849 -1115 -1075 -346 -138 -1759 -1317 444 459 -455 200 -1110 208 -1504 514 -560 229 -578 318 614 -1075 -39 -291 271 -1122 -1051 1316 343 865 1205 -230 547 301 -1396 -978 544 374 56 425 -323 -551 1068 -22 -1219 679 689 -1253 1395 -582 -472 1311 457 -1039 1194 -825 -1330 201 -298 14 -396 -29 -173 -13 -41 6]
[71 -391 -374 -565 -394 863 -81 231 1203 640 1460 975 2175 -346 1870 -22 -1023 99 -11 443 1680 -595 861 -669 -412 75 -893 -1456 -309 1148 -2459 484 127 1772 -125 -2119 824 -478 856 945 121 257 -936 615 310 -1750 -359 -694 -73 108 -524 640 -819 -75 -752 -1703 1446 -348 396 183 920 1038 -515 706 18 1181 1171 -443 1557 441 996 -898 -665 -212 788 108 2025 -738 53 -48 -100 500 73 -76 -742 -40 -1251 146 -1694 -573 -347 243 -405 -157 110 -11 -274 21 20 72]
[1260 -291 2034 -487 582 775 778 1998 -626 -1604 313 588 516 -157 -15 -403 927 -1332 -916 106 -493 540 77 701 958 -575 738 -603 -1476 -1191 -815 -444 861 -1129 16 471 -333 503 -478 -383 790 -966 531 -704 588 1343 -571 1297 -668 1626 -485 295 -978 1376 -410 -330 572 269 -1447 -1180 -1853 519 -778 -342 -1 435 281 133 -1580 -396 -922 1415 1111 -587 1496 1723 -1002 198 279 905 -447 333 1574 -795 -1666 332 1482 937 -755 293 1523 269 271 754 393 93 -76 69 76 -76]
[-737 -1275 984 37 299 -1297 1045 1523 -1092 -1722 -790 -2199 -782 917 -1990 -840 336 -636 1532 -188 406 202 1052 -683 2109 -84 194 -1053 -247 1551 1081 27 -1055 -745 -699 898 -1678 -1459 -975 1384 610 -816 -160 -342 -411 368 -345 -536 -293 -168 -159 901 725 991 645 -228 -433 -641 -839 -1361 1397 1231 -445 1155 -37 113 409 -173 -1274 884 278 -229 -900 -391 117 1229 198 -388 -379 28 -1366 11 1576 72 1411 1187 -707 -1332 1229 -318 402 372 -468 162 18 95 -27 -17 -53 77]
[-487 714 853 -1370 14 -1038 -1480 -918 784 -1276 -286 1054 -1523 -553 1551 512 -246 697 -90 -149 -2550 145 -1102 896 234 -618 1109 1531 1059 -450 -469 148 -172 -2029 -2123 1802 350 1454 398 -499 -1492 777 492 -87 -584 -1050 1252 258 285 1520 862 -65 -1014 -949 -270 156 -491 -674 -897 127 178 -1086 -491 -1685 203 265 196 556 -135 -803 266 -1177 2150 -183 201 -81 -1977 696 485 1015 55 762 -83 8 1295 -926 -246 -1406 -11 1111 964 -737 880 209 -121 -12 -153 -108 42 -78]
[-968 -44 -1718 543 216 -472 743 -829 5 823 774 427 48 -1174 665 475 -284 2236 121 14 784 -125 411 -1934 145 -523 -276 -685 -1344 1389 1162 194 321 1473 -592 -1256 1445 681 -1185 306 250 2153 1273 1878 -611 -1915 988 -1074 330 -165 -527 -618 773 -515 904 -917 1144 40 709 1077 659 505 354 533 -136 -74 -682 70 153 208 1148 3 -1330 289 -27 -133 477 445 -1647 -1743 -865 805 -127 -51 1022 -317 -205 432 -691 -561 -665 666 300 362 428 -235 -66 -26 -36 8]
[-1931 556 -251 -1000 952 519 1832 -40 -1343 -115 85 -672 50 -1477 463 -1150 624 -615 803 -362 525 -682 -196 -209 1712 -114 2126 583 292 -2103 387 -533 -258 -732 21 1691 -505 278 -407 464 33 -865 -649 -93 374 9 -420 -1529 472 -853 873 -1569 804 1438 1773 361 -2153 1492 231 -49 -414 -545 -60 773 -619 668 435 274 -2417 -1983 -1519 873 -1800 304 1056 -531 -362 67 -1735 -611 -434 335 1219 -784 -818 638 62 595 1103 1326 87 158 12 -342 195 -238 -756 -310 -105 -2]
[-1412 184 -455 973 757 -1996 -998 1604 -1056 695 119 1443 76 -877 292 70 -953 601 404 -267 -1553 375 -661 -828 1174 -980 541 -402 -1532 -16 -1216 -852 589 396 -1287 1667 66 305 463 743 436 662 556 119 293 -518 1020 0 -351 1263 -849 1267 -462 500 -137 837 73 719 -765 -134 528 663 574 824 191 753 28 1192 879 186 -330 -459 673 890 1709 469 -1029 1518 442 618 -1195 582 1080 -1891 -1263 51 97 -497 -1092 89 1621 314 97 427 -54 171 -85 -104 -91 76]
[-963 289 293 -914 653 -1296 -896 -220 -1774 185 -1528 -1093 -2312 260 -970 -713 -294 683 368 207 -59 918 -884 933 890 -805 -1608 375 -92 868 -1034 -116 -509 -128 -1439 295 -751 1377 -1367 -1291 -613 762 -1131 -291 -299 126 -1303 393 113 1604 -109 788 -346 75 398 -151 -665 -1100 110 621 391 -95 -889 383 778 205 194 -210 629 -26 -1374 -1284 1325 275 734 99 -1202 -101 38 1755 -815 320 560 -18 1651 -428 395 -810 437 -334 -181 -235 -975 -855 -54 16 216 -270 -98 11]
[412 -338 600 -553 -345 -10 -1156 766 2080 426 -338 193 155 397 1511 750 -1042 273 1290 490 672 -875 51 -1280 -431 945 113 -1074 1196 -1007 -2303 -651 -195 1248 1230 -686 210 -529 2269 1344 -1157 -1704 -752 -820 966 358 551 -192 -118 -122 -28 271 553 -222 -810 -934 1430 -236 -1139 -538 1994 377 -1383 -1110 128 257 1287 -657 2180 -82 -343 -1349 30 -154 -656 -630 422 -1608 -107 81 498 -387 796 1291 -385 -496 -948 -343 439 -960 -479 -104 -116 194 521 -325 -226 28 90 -157]
[596 1336 851 -701 382 -2094 -1747 -89 -716 488 1532 570 -1453 -559 -395 -145 160 1868 -180 -504 -525 59 -720 77 273 -969 -110 355 -2397 1556 1114 -142 1698 1553 -332 -529 716 1086 167 -1131 301 -348 1686 -1883 58 763 -1671 997 830 507 -2134 -98 67 -1713 -245 1820 523 -657 -255 889 1305 -997 -1930 -388 345 -321 -754 2059 1853 -17 -478 706 2891 1339 -1686 452 1689 1682 329 -871 -1480 -457 -314 -658 -183 -473 18 -462 320 -629 475 -139 216 629 -518 28 -81 77 26 -67]
[82 515 -402 -198 -632 1351 -363 774 920 1278 1084 862 1420 -618 876 -25 787 -916 -868 -572 -734 789 550 320 -782 -284 821 -48 459 -604 853 1968 -449 -1060 -861 39 -547 -64 -386 79 1090 553 1027 1595 -282 -380 1115 -722 -197 -700 80 -80 150 -528 -243 361 -1140 -231 936 -1285 -468 -154 574 71 -866 -830 -1000 -360 -486 1716 248 259 881 -416 -1667 -39 152 1138 42 -316 -205 -403 -1243 679 -8 -556 -431 222 667 639 236 -522 791 1008 91 74 407 -169 -110 -66]
[1658 -1106 735 -765 561 821 -1566 1625 103 -2279 323 -588 783 -438 874 -339 -588 -778 -71 1083 352 -569 513 1289 1120 2215 -784 -1758 741 -1038 -1677 -407 479 191 137 26 -839 -845 594 -670 -562 -1718 -995 -886 2379 370 -855 2171 -467 352 1172 -20 -500 1018 -273 -121 655 1128 -50 -400 -253 336 -1478 -1440 256 2365 1494 27 -607 -657 282 101 -354 -542 1530 1321 204 -182 858 1116 62 738 1096 722 -126 11 -800 165 -2111 -533 588 106 -339 -553 183 244 71 247 208 0]
[-473 1171 -525 1235 902 -939 51 1197 -1086 -775 -1235 -1849 845 139 -1577 -2195 -1012 297 1624 -554 818 -1654 -106 -287 1280 -171 -67 -1353 -608 -862 -75 -1541 412 588 1383 965 -1505 -797 -880 1044 630 -2289 -1374 -2536 324 -102 -1569 -260 126 -874 -235 -219 262 714 344 184 -890 1203 -1487 0 2748 -756 610 722 -681 966 -69 408 -1106 688 -1913 94 -658 335 475 -380 349 -566 635 -60 -1372 578 1299 -759 -163 -365 -202 13 628 -164 -654 781 -643 -319 -271 109 -487 -71 118 49]
[1166 -691 1211 -1253 -472 -313 -325 148 -633 1308 -398 -709 -830 352 592 -490 271 -15 -259 -568 -509 1172 -604 -305 422 -199 -817 -606 -1774 -652 599 328 620 -1116 653 -105 242 396 269 -2097 -565 1102 1972 -191 1110 1971 38 373 -306 647 -894 538 298 -201 -210 -613 -876 -711 -460 -1452 -52 875 -1440 784 413 -796 -936 -282 -1512 588 -540 795 27 -787 677 2058 -1778 -393 -545 751 483 813 -142 -371 -373 -392 1017 1217 -19 778 1632 -682 -336 -511 667 127 374 32 84 116]
[-182 -796 -572 793 340 -255 -352 -583 -232 478 -1699 -428 -832 1952 532 -173 -712 -217 556 -545 289 838 129 319 -304 -1659 949 55 -1815 970 129 -1172 704 -427 -1943 844 197 1054 1449 -606 1416 -1022 1728 -1041 1198 1898 1167 -817 -26 589 -888 1269 -1209 -22 -918 811 -1642 -1151 -528 -1175 957 551 971 -1726 504 644 -552 -2010 1478 -518 -1086 -235 -837 -167 1294 675 -923 -728 239 174 -158 -136 -353 -209 -220 85 -1557 -1138 -662 232 357 -384 187 389 -634 -54 94 -8 -130 -9]
[1295 -1135 1769 -528 800 -1773 -385 1451 1267 -653 483 -212 741 207 499 -470 1445 -1186 124 -1278 -1085 391 -82 -160 306 -262 1429 -605 -383 839 -1019 644 -843 -1648 -588 623 306 -342 1972 372 -1255 257 1323 835 54 1165 959 -669 -624 -1295 -1113 185 230 -336 -1482 1621 -792 -1358 -591 -1779 -393 1494 -774 -808 -107 -641 -774 213 -964 740 573 1258 -1224 -916 -1696 885 -402 1939 -28 206 -1213 67 406 783 -618 177 725 592 523 -580 201 -487 1023 1199 -279 488 585 70 -109 68]
[-174 1298 -629 619 -104 22 -1062 1467 -1506 -7 2197 510 1184 358 -851 -604 464 -1706 -1950 227 -366 666 -127 1535 782 456 -116 748 -2066 1091 1461 1602 2023 181 -946 -377 -28 -273 -1455 -1953 2091 -846 -612 -1152 793 1563 -1418 496 481 375 -200 -1440 -434 644 -543 924 -709 -356 439 433 -1513 -1398 -1097 -317 -46 40 -439 1510 -446 280 -558 1234 1327 750 -1093 914 323 1732 1837 857 -806 -1032 -1193 583 -829 -162 -1269 838 433 1720 1478 -502 -37 700 -390 147 434 58 110 -7]
[1367 -257 -117 -9 -1070 647 -2346 29 393 -281 -180 990 659 262 1319 756 -1153 576 132 239 -540 -374 -495 -555 621 2264 -1441 -1294 -302 748 -1323 193 330 1231 1531 -1084 1734 -2009 2093 784 -1329 -412 1095 470 2194 1172 -1058 -384 -457 533 393 1058 249 2084 -295 -1258 2302 -189 852 -150 -949 810 -1314 -245 18 305 -1233 -603 968 876 1260 -852 -410 -887 652 87 -550 -269 -126 -340 420 -1301 -519 299 -1197 -148 521 759 -1046 -279 1049 -150 -158 97 -34 -61 469 20 58 50]
[320 -1982 -508 -488 767 -992 1754 242 126 46 -69 -537 574 9 893 -840 -1366 -1036 -271 93 -245 32 532 -1044 -6 -426 1133 -947 -294 -634 192 -603 998 340 113 2071 663 -618 1229 1832 554 947 489 274 -100 -609 1754 -578 1216 870 122 -571 -600 -399 -160 720 -102 443 -321 -378 1942 1242 2376 -235 -675 328 421 -504 -140 649 1472 -1026 -2239 -454 930 151 -184 -577 -444 -89 1791 1236 782 -382 63 164 -1034 -779 -659 506 -874 179 -209 192 661 -171 -260 -173 3 14]
[-490 -128 -135 -344 585 -1371 1449 82 -954 152 -1270 -249 -895 -1281 734 -130 -919 1152 1141 -89 136 -604 -1091 -1046 224 -379 668 864 -1214 -371 -43 -1689 200 923 -92 568 738 429 -68 222 -1252 -645 948 1459 -1270 -1218 102 -1194 -781 63 -140 2583 211 83 1324 -1231 -1088 1002 78 -380 696 473 -1559 1553 -94 669 41 -2104 -359 -1653 -620 3 -41 -1488 427 654 -382 542 -1955 730 -1337 -383 1121 -1421 5 570 38 -252 -909 -673 422 335 636 -12 25 -157 -103 97 128 -127]
[-72 843 1149 -363 337 -444 -144 -1827 -1075 -15 630 946 2006 -266 802 -202 72 1138 -667 -1154 -1269 834 330 -76 -544 -1476 1645 920 -1595 -658 544 1153 892 1080 -239 771 513 246 474 142 -1348 76 1022 -1521 418 607 -375 -1102 -246 792 102 -738 -621 -700 -581 -814 -916 1261 -305 378 572 -1063 -3170 -239 50 535 -766 544 115 -1502 -882 -136 583 -870 -746 64 110 538 -1097 -491 -1613 -13 1356 -76 -447 542 1053 244 -220 -949 774 -71 774 594 209 211 247 175 90 -175]
[-317 925 -7 -131 538 1865 -466 946 428 -374 392 -255 571 -452 -223 -451 -206 -1884 -620 649 2260 -1359 206 857 -829 28 -641 1016 -120 -221 258 843 -595 -2035 178 -687 112 548 -659 80 267 -1210 -1079 977 193 1159 916 -95 172 174 275 -1382 422 420 388 -1600 -1524 541 -934 -433 -2562 -697 -973 -113 -360 -799 -764 -1040 -876 -1119 -612 685 229 -44 -104 -293 -550 179 -698 47 -1393 -900 538 534 430 -316 314 125 326 202 200 242 300 442 501 -385 -238 -43 6 25]
[478 -1589 128 265 661 48 1793 -405 -32 -941 -1289 -1399 -584 655 196 65 -253 -1430 1977 890 1826 2234 1684 563 1942 -1235 264 -1250 792 881 -1075 -408 1 -932 -369 1363 -131 -849 418 966 3 -462 541 -500 -736 1582 -468 -990 -481 594 11 810 300 335 580 846 576 535 584 -1320 -1169 1105 -30 338 -298 -511 1346 -1313 387 -2366 310 1058 -849 -1269 630 217 1045 482 -884 -21 -651 841 1032 2005 265 499 -241 -456 -450 -141 88 287 -440 -334 -190 -266 377 -120 -92 -11]
[-722 240 -1315 -213 388 238 -785 188 1321 1932 270 -166 -10 -1185 1184 -459 10 747 1094 373 808 -323 -1027 -1694 106 1929 676 -790 230 662 -1642 -1027 -871 970 -189 -664 -1002 -507 1107 1190 -71 1039 -392 710 172 -1798 1350 -1053 538 -1325 206 1312 664 -1247 -348 345 -100 713 768 23 1604 -238 4 53 -195 -921 611 -815 1343 -570 1636 -1656 -1520 1169 -613 -2288 536 -477 -346 -867 120 993 589 437 233 -1877 -867 -645 514 -963 -1092 -47 -167 -49 -49 -305 74 35 -27 28]
[2402 -378 1671 -483 -1468 345 -402 709 641 425 324 332 928 -719 630 247 1500 -1302 -126 549 -478 1074 -915 228 -60 665 -72 -589 -214 -692 -1399 830 -154 -646 1046 -1089 -921 814 1001 -574 -1388 -531 1248 -362 520 1239 -728 1727 -442 -71 -1021 372 -900 -951 -1594 -271 1125 -917 -1290 -856 -138 1296 -507 98 49 -265 1070 -347 723 139 190 68 423 -130 184 624 -374 -29 -301 452 1786 918 504 441 -799 147 -35 -659 -122 -790 799 -164 -775 -94 -179 -364 157 -136 79 44]
[-570 531 700 1162 -1574 806 425 163 1722 1163 -1335 -584 -352 -227 -1300 928 434 1041 -184 -707 413 -136 1214 -1141 -2345 -268 -287 606 1052 -793 1021 -288 -1932 264 987 -1732 -1678 1196 -991 -32 93 597 1360 401 -603 -736 1896 501 84 -1395 -879 1131 1028 -2007 -876 -211 -552 -1017 -703 -127 828 -1153 511 483 268 -989 -38 -69 1083 1419 3 -1232 304 668 -653 -1394 -98 -1097 61 -1677 -661 1732 -37 329 10 -1437 922 -534 1078 -2989 -528 96 -53 -204 -139 -243 -60 19 -12 -33]
[1415 -540 -368 522 -590 -557 241 994 1079 -255 -864 358 -270 -219 -713 1067 439 -554 2047 -193 -108 -219 -717 -1802 424 467 224 -1042 1524 -616 -1520 -524 430 -413 1646 1118 203 -1209 93 1906 -1111 -2142 -1337 -1001 24 915 563 174 -742 -79 -1112 437 194 -621 -1553 608 1306 574 -1998 -774 1005 1304 1511 -659 -1018 -1016 679 605 1121 269 939 1153 -539 324 -981 -1450 -79 668 636 259 812 187 1017 331 -61 372 -1121 1 -801 -56 -1721 -280 23 513 -256 404 5 -24 41 46]
[361 372 585 564 20 -727 -533 -313 9 -868 -681 -1187 -1465 1901 -1730 -315 565 -280 -928 -723 -555 268 -1127 661 516 1131 -977 -54 -465 1760 1387 -681 -722 -273 -500 -767 -2304 -24 -1263 -1743 749 1300 1444 -374 278 -104 -588 1831 1106 -513 -527 242 -267 -190 -754 639 -334 -2143 541 61 972 -811 266 845 630 164 659 1363 114 1908 438 -658 -33 295 -426 699 247 -2084 1719 -91 1137 1629 -1354 -322 550 -1679 581 -593 1458 27 245 -725 -1391 -605 -286 75 -98 -214 -42 23]
[-295 11 21 1278 -1885 105 1557 -242 -1275 -331 677 1733 -556 15 -1009 1443 1265 -64 37 120 -1322 1545 768 -938 62 -2337 -734 364 -762 657 485 280 -802 433 -1320 -684 1356 712 -746 -367 -100 1341 1882 826 -1277 975 243 -1209 -1116 1049 -534 558 -385 1469 -56 -1430 1425 -333 -56 555 -1699 1759 -41 1381 1259 119 163 -619 16 -178 641 716 -1560 -19 1269 575 -115 780 -369 -331 -430 454 227 -561 -1309 1709 885 -254 -903 -244 1467 559 -98 285 -275 27 372 -145 -188 68]
[513 -725 -1316 520 612 -242 759 -310 716 1192 997 -475 355 -232 -509 -265 -1528 692 -1842 182 604 -1202 -26 216 -1575 980 -1430 -346 -1535 -51 525 -479 350 1192 661 -1780 -75 25 -425 -506 -82 1374 -749 1037 -552 -1460 489 390 529 -335 409 -1293 674 -801 80 -464 1587 -360 737 1589 -505 194 222 -50 106 -226 -707 -89 476 743 -21 -529 -1662 -237 -572 -90 1611 -349 -712 -1154 -367 250 -1250 623 -320 -721 1029 1243 -292 -464 -621 446 3 256 129 218 83 -227 -41 -64]
[-1631 801 196 145 -1328 581 611 991 180 1906 71 785 400 899 -1396 2114 366 -104 -811 41 404 -122 333 -528 -1059 -1137 159 1468 -383 -170 1473 1360 -1141 541 161 -1046 323 1607 -885 237 1180 917 642 1248 -342 -359 741 -421 -402 226 -477 -780 486 903 786 -1366 136 -1246 -1065 -331 -820 498 339 484 301 -336 -642 491 -34 1171 -1841 -893 759 381 -239 679 297 -863 -844 -257 267 -1023 -720 -1209 -1014 1185 479 -311 978 550 320 108 271 303 163 11 186 76 -5 -20]
[-839 35 114 -378 -47 -791 1096 189 -1194 -2255 14 -1550 215 -280 -232 -477 739 -658 620 277 793 -892 282 877 -1353 -1783 3 168 -499 1321 275 80 -879 -129 -2268 -117 -120 1052 104 -824 794 -169 -361 -264 -305 1016 -107 -1498 -127 -546 91 347 25 777 61 -1043 -1298 -1520 -701 419 323 524 -473 -676 1611 837 -6 -1491 -1331 -365 -410 -434 -2274 -907 -360 739 308 166 336 -124 -2187 109 1537 489 1231 472 -598 -1189 633 398 -188 1018 -151 1093 42 60 164 44 76 -49]
[-347 650 -683 99 -440 -978 1121 839 -440 -628 22 -1450 352 -109 -984 -163 -572 1517 1010 500 732 -2807 336 -782 -452 -391 -773 2 -783 581 -1425 -828 305 1379 1219 -1082 915 -892 -554 243 130 -1312 -1222 -1053 -1134 -1552 -2045 769 -327 286 502 817 673 51 567 -1394 1185 1041 -578 1382 484 355 -1638 15 340 279 378 -689 -682 -385 -688 422 -422 -613 -969 338 1340 -343 -170 -818 -2347 405 1949 47 964 -474 140 324 -631 -441 -375 1344 -120 629 313 -19 287 -141 -22 78]
[-335 -763 -1866 -664 -2202 1772 90 -838 1173 933 -661 -1024 -406 -635 1865 690 961 -1187 -385 -39 1266 -360 -390 -1315 -1229 866 -804 -219 101 887 1 1181 809 -1535 -677 -1375 800 -1082 784 -945 397 -639 977 1202 -672 118 2071 -553 1012 -1436 -40 -76 507 -974 929 -561 -579 -435 452 -489 142 842 365 -920 -440 -1280 178 -1635 793 -216 1221 697 -1939 -4 10 524 -262 452 -1050 -827 2414 -330 -1520 269 2052 -67 -1243 -11 -951 1847 -721 -722 -125 -322 276 -114 -169 -110 52 -19]
[1126 -1276 -876 752 168 -739 525 121 -700 -1264 -738 -264 -284 -598 627 -683 -1213 -556 1201 467 467 362 -1403 -241 1226 127 -969 -2244 -522 539 -1185 -1539 858 589 -286 1605 603 952 -105 1157 -1476 -260 168 123 150 1048 61 -743 -907 1344 -941 -434 359 1269 1123 -296 1824 30 293 152 933 1277 888 26 -1112 -68 -802 670 210 597 230 917 -538 -277 2254 -206 345 1186 -1036 -1154 -348 783 74 -504 -656 -87 1152 227 -501 1200 -38 918 -161 56 -81 197 -24 -244 -247 -7]
[1929 -1446 -238 973 -34 126 -268 1690 -270 -1622 1296 1893 1211 712 1066 -173 -89 -4 -467 792 -1933 565 -22 560 1982 647 673 -939 -965 -115 -636 -442 2375 1201 575 1401 1860 -512 -56 784 271 -2032 29 -1351 1197 853 -982 735 -761 1567 -271 -135 -1389 1104 -301 323 1920 1379 474 -267 629 172 349 -914 -1276 1368 28 1217 289 824 1177 1619 2002 0 647 164 240 1189 746 277 -10 -698 73 -705 -1174 438 -358 611 -1268 511 475 594 413 633 39 -54 181 38 46 166]
[240 -464 -293 -1358 99 809 3207 -1236 -150 192 -1932 -571 -2345 709 -165 236 1107 113 631 -142 1502 -622 -487 258 303 -484 178 -39 1265 -901 813 -1444 -241 -685 1046 555 294 58 -149 0 -356 474 498 1168 -1152 48 -442 -772 -2 -1283 -772 -208 981 971 2445 445 85 490 1308 -251 14 -388 2019 1139 -1025 -1372 -737 -27 -1366 -955 461 1496 -783 720 472 -1143 192 -1292 -1477 -1477 1579 -470 -316 -468 1008 256 640 605 721 1813 -897 -22 -160 -951 -85 24 -495 10 -86 -64]
]