[[8506734169198985770138417140894571179102896831949393086023536560021848915440265043668875845335853471007702781120125423601193750373797031012793868793825045735768387094844594436331109367024022315277983186717093975707076560196711584840451718563384851689259832866598692513235866067643062876966206228988271 0 0 0 0 0 0 0 0 0 0 0 0 0 0 0 0 0 0 0 0 0 0 0 0 0 0 0 0 0 0 0 0 0 0 0 0 0 0 0 0 0 0 0 0 0 0 0 0 0 0 0 0 0 0 0 0 0 0 0 0 0 0 0 0 0 0 0 0 0 0 0 0 0 0 0 0 0 0 0 0 0 0 0 0 0 0 0 0 0 0 0 0 0 0 0 0 0 0 0]
[39702601031144571255524245675523007570940724090798666359324035843873857757630207827409206815639783610261594797957070382175664270340122614306331895869046754757238636017694821182224516372928283061941960907777252397480513118487095245492703836345587212984097569776571857273812376546065022440098719976800 1 0 0 0 0 0 0 0 0 0 0 0 0 0 0 0 0 0 0 0 0 0 0 0 0 0 0 0 0 0 0 0 0 0 0 0 0 0 0 0 0 0 0 0 0 0 0 0 0 0 0 0 0 0 0 0 0 0 0 0 0 0 0 0 0 0 0 0 0 0 0 0 0 0 0 0 0 0 0 0 0 0 0 0 0 0 0 0 0 0 0 0 0 0 0 0 0 0 0]
[2606549446897490932756764876724313012377893814028458496649868881657171826878098107125045327610922607408900669190377862160536555475292051882083924163094839659384674851939588618377798959429781809902544126226472258926153439822882341016098705758729579567184935448897484342511839281967653219426377879361555 0 1 0 0 0 0 0 0 0 0 0 0 0 0 0 0 0 0 0 0 0 0 0 0 0 0 0 0 0 0 0 0 0 0 0 0 0 0 0 0 0 0 0 0 0 0 0 0 0 0 0 0 0 0 0 0 0 0 0 0 0 0 0 0 0 0 0 0 0 0 0 0 0 0 0 0 0 0 0 0 0 0 0 0 0 0 0 0 0 0 0 0 0 0 0 0 0 0 0]
[2545703225315146122123080241733985571023267193653062481412714972485237753964475364995370941556532445270116627241479103550439637427116409035686655934399481524465369943039303547560668490990596560795863207939433200210183221179596641359770000404560366714650350799195768899507472448335362723868985473834386 0 0 1 0 0 0 0 0 0 0 0 0 0 0 0 0 0 0 0 0 0 0 0 0 0 0 0 0 0 0 0 0 0 0 0 0 0 0 0 0 0 0 0 0 0 0 0 0 0 0 0 0 0 0 0 0 0 0 0 0 0 0 0 0 0 0 0 0 0 0 0 0 0 0 0 0 0 0 0 0 0 0 0 0 0 0 0 0 0 0 0 0 0 0 0 0 0 0 0]
[6138457444043749391443449052047481080958044561155791802005122633257275484364766303035738982106992913676374795603736291049629179759033902733873276756622533553097882585084490313162297056520289616733176577840909072973522854128031155450827689406378427559357665160857099440584194763195375067437107561008193 0 0 0 1 0 0 0 0 0 0 0 0 0 0 0 0 0 0 0 0 0 0 0 0 0 0 0 0 0 0 0 0 0 0 0 0 0 0 0 0 0 0 0 0 0 0 0 0 0 0 0 0 0 0 0 0 0 0 0 0 0 0 0 0 0 0 0 0 0 0 0 0 0 0 0 0 0 0 0 0 0 0 0 0 0 0 0 0 0 0 0 0 0 0 0 0 0 0 0]
[2157776329461244709541771774039764806222409666989716288073317918497084609422435618542558334900489165623066537193863861779742237345187610156173154341143379451515408598811719377050401736621847993917986307319443394946029926183434332112629533228478055614641997800354210589362577364388581161023338572692553 0 0 0 0 1 0 0 0 0 0 0 0 0 0 0 0 0 0 0 0 0 0 0 0 0 0 0 0 0 0 0 0 0 0 0 0 0 0 0 0 0 0 0 0 0 0 0 0 0 0 0 0 0 0 0 0 0 0 0 0 0 0 0 0 0 0 0 0 0 0 0 0 0 0 0 0 0 0 0 0 0 0 0 0 0 0 0 0 0 0 0 0 0 0 0 0 0 0 0]
[6081483491135248831952152540820637992620821594382327104787666330724605761754620811649391968907068626859504955218239306752447555880291410114788464663559185074143226854861656513392595507257283315468197250281010268284913246692983083833169456626794324681373588348676146492543937750130401262966330765800579 0 0 0 0 0 1 0 0 0 0 0 0 0 0 0 0 0 0 0 0 0 0 0 0 0 0 0 0 0 0 0 0 0 0 0 0 0 0 0 0 0 0 0 0 0 0 0 0 0 0 0 0 0 0 0 0 0 0 0 0 0 0 0 0 0 0 0 0 0 0 0 0 0 0 0 0 0 0 0 0 0 0 0 0 0 0 0 0 0 0 0 0 0 0 0 0 0 0 0]
[3692940855284845136748487671050567578695013525160345986312852439999087322470881531219369204196852438455469449548842201507750876481369394868874562633393596522149065740508165264632182452851917873674137907746388144973145969929718600739020816607006499187652889674525595101120640524103372999055132350619530 0 0 0 0 0 0 1 0 0 0 0 0 0 0 0 0 0 0 0 0 0 0 0 0 0 0 0 0 0 0 0 0 0 0 0 0 0 0 0 0 0 0 0 0 0 0 0 0 0 0 0 0 0 0 0 0 0 0 0 0 0 0 0 0 0 0 0 0 0 0 0 0 0 0 0 0 0 0 0 0 0 0 0 0 0 0 0 0 0 0 0 0 0 0 0 0 0 0 0]
[1977558891293620029290123602286301330719747667645616788036870490827324687528084380435296292118615509461799116044113458253082392911815377242555740340730365544494897975085512944673772198005878713794906490347481043796181657504636089162476809106339919506448824562679206210401340041664615779210488460956363 0 0 0 0 0 0 0 1 0 0 0 0 0 0 0 0 0 0 0 0 0 0 0 0 0 0 0 0 0 0 0 0 0 0 0 0 0 0 0 0 0 0 0 0 0 0 0 0 0 0 0 0 0 0 0 0 0 0 0 0 0 0 0 0 0 0 0 0 0 0 0 0 0 0 0 0 0 0 0 0 0 0 0 0 0 0 0 0 0 0 0 0 0 0 0 0 0 0 0]
[5626574519084792169539849268808343651949166898221203865066659729234639463154735904521902109060189777865511203393306460449576180857032929188858114822552195517644335440156970131054942472834934982742898253387936251334921341561735038016669404026259627597357042050994540436374774173258582337591010339524125 0 0 0 0 0 0 0 0 1 0 0 0 0 0 0 0 0 0 0 0 0 0 0 0 0 0 0 0 0 0 0 0 0 0 0 0 0 0 0 0 0 0 0 0 0 0 0 0 0 0 0 0 0 0 0 0 0 0 0 0 0 0 0 0 0 0 0 0 0 0 0 0 0 0 0 0 0 0 0 0 0 0 0 0 0 0 0 0 0 0 0 0 0 0 0 0 0 0 0]
[8338357740720904095143517986304196311992204947563661492270148392609731828508491325853031709369370847204278889767069806274798305469303140643274633021071934314561424169652987677594271103320963479811909930508688806397832475836730708957543075118997459487383512321466554029107402416719156633464154147832933 0 0 0 0 0 0 0 0 0 1 0 0 0 0 0 0 0 0 0 0 0 0 0 0 0 0 0 0 0 0 0 0 0 0 0 0 0 0 0 0 0 0 0 0 0 0 0 0 0 0 0 0 0 0 0 0 0 0 0 0 0 0 0 0 0 0 0 0 0 0 0 0 0 0 0 0 0 0 0 0 0 0 0 0 0 0 0 0 0 0 0 0 0 0 0 0 0 0 0]
[2330509912466013191929062025878084876537461781728489446692714863869619827159524552737993370639570569307295854228620892482735167892208832988670491617957429704048172302019833886023703034329108209812804939638883095198047645003556240450924564134568454735211862981706063985566298084256661360375863886408511 0 0 0 0 0 0 0 0 0 0 1 0 0 0 0 0 0 0 0 0 0 0 0 0 0 0 0 0 0 0 0 0 0 0 0 0 0 0 0 0 0 0 0 0 0 0 0 0 0 0 0 0 0 0 0 0 0 0 0 0 0 0 0 0 0 0 0 0 0 0 0 0 0 0 0 0 0 0 0 0 0 0 0 0 0 0 0 0 0 0 0 0 0 0 0 0 0 0 0]
[2879337228153478091074900669533507783726682722999003002480762152785939948550880316971160778199145843948550351955063255158722250061439221762924418754803822747270588911194175842672880453701603959840174123554483929230199248056266229605149634821606361806627746171758264742081314975809263592931471525762221 0 0 0 0 0 0 0 0 0 0 0 1 0 0 0 0 0 0 0 0 0 0 0 0 0 0 0 0 0 0 0 0 0 0 0 0 0 0 0 0 0 0 0 0 0 0 0 0 0 0 0 0 0 0 0 0 0 0 0 0 0 0 0 0 0 0 0 0 0 0 0 0 0 0 0 0 0 0 0 0 0 0 0 0 0 0 0 0 0 0 0 0 0 0 0 0 0 0 0]
[5784406523406043655880710483143263716352336860570926707962262716122145288256908661477590685090342193687374823634536261401240339178922349614481250114292843519404620825573595611696561071724423293549918536743301406924526391985182957318820479706091045249184272561608890966133109465079403962621485843806874 0 0 0 0 0 0 0 0 0 0 0 0 1 0 0 0 0 0 0 0 0 0 0 0 0 0 0 0 0 0 0 0 0 0 0 0 0 0 0 0 0 0 0 0 0 0 0 0 0 0 0 0 0 0 0 0 0 0 0 0 0 0 0 0 0 0 0 0 0 0 0 0 0 0 0 0 0 0 0 0 0 0 0 0 0 0 0 0 0 0 0 0 0 0 0 0 0 0 0]
[1371903803172041598545791573434750352827439000944459016453271003718168361604993072149795369386689572854621334008597901391830757710956183913456993796197302578501988077398518985641404893443715643087942599157505184404967018715400908340964280816275919635366021983001440316361890676333544369333777110549825 0 0 0 0 0 0 0 0 0 0 0 0 0 1 0 0 0 0 0 0 0 0 0 0 0 0 0 0 0 0 0 0 0 0 0 0 0 0 0 0 0 0 0 0 0 0 0 0 0 0 0 0 0 0 0 0 0 0 0 0 0 0 0 0 0 0 0 0 0 0 0 0 0 0 0 0 0 0 0 0 0 0 0 0 0 0 0 0 0 0 0 0 0 0 0 0 0 0 0]
[8325936781686145643862836905025272745905363874036667782073867679584347983325846748121958321364176563769672087543862379473650601565531216317618406696776437552833097726186434311146600799789396303889931606120442720539888827713290887905771743907838247478666509531461255426939239980476351601094149662489974 0 0 0 0 0 0 0 0 0 0 0 0 0 0 1 0 0 0 0 0 0 0 0 0 0 0 0 0 0 0 0 0 0 0 0 0 0 0 0 0 0 0 0 0 0 0 0 0 0 0 0 0 0 0 0 0 0 0 0 0 0 0 0 0 0 0 0 0 0 0 0 0 0 0 0 0 0 0 0 0 0 0 0 0 0 0 0 0 0 0 0 0 0 0 0 0 0 0 0]
[2555301049131515895297355894230124858295091894003331537692394445039648042901306486035199242287993784462354047987766512420235332648570294060321260197033675130786593415512959028751886302473535266547253173427318753366250330388178441556748598040294226691142919555309663548046537201150004440230103374483542 0 0 0 0 0 0 0 0 0 0 0 0 0 0 0 1 0 0 0 0 0 0 0 0 0 0 0 0 0 0 0 0 0 0 0 0 0 0 0 0 0 0 0 0 0 0 0 0 0 0 0 0 0 0 0 0 0 0 0 0 0 0 0 0 0 0 0 0 0 0 0 0 0 0 0 0 0 0 0 0 0 0 0 0 0 0 0 0 0 0 0 0 0 0 0 0 0 0 0]
[4991526225496673553132663112819992679334237203737924328953871924659671390878722559868286000605117021649434229814042017454184225795985499466606359305692486357134945581664675690345915888577553530623486148414317509346670628973148957010506711644852608811038105045439051824129400492894355424030247251048004 0 0 0 0 0 0 0 0 0 0 0 0 0 0 0 0 1 0 0 0 0 0 0 0 0 0 0 0 0 0 0 0 0 0 0 0 0 0 0 0 0 0 0 0 0 0 0 0 0 0 0 0 0 0 0 0 0 0 0 0 0 0 0 0 0 0 0 0 0 0 0 0 0 0 0 0 0 0 0 0 0 0 0 0 0 0 0 0 0 0 0 0 0 0 0 0 0 0 0]
[165110956858060658523025860685505126418284184327115123846482891427867958934791601185428080156490403618800417795232523837416594697357834792429861225237541374099984157892926395548286174238610580080117956574465441726338887140461193729465632612198782167215076019778686478393006107568364797552092905144531 0 0 0 0 0 0 0 0 0 0 0 0 0 0 0 0 0 1 0 0 0 0 0 0 0 0 0 0 0 0 0 0 0 0 0 0 0 0 0 0 0 0 0 0 0 0 0 0 0 0 0 0 0 0 0 0 0 0 0 0 0 0 0 0 0 0 0 0 0 0 0 0 0 0 0 0 0 0 0 0 0 0 0 0 0 0 0 0 0 0 0 0 0 0 0 0 0 0 0]
[4821672565979517056145811144926910722737923218916643205231884259923680858068624888782350382107246030564779539029601162915253736635326410779419884827504823083992689894222733989376778349900807133667322308318345311984367058346099625543355745079023659006535895981376529097749964147606891549048464785983365 0 0 0 0 0 0 0 0 0 0 0 0 0 0 0 0 0 0 1 0 0 0 0 0 0 0 0 0 0 0 0 0 0 0 0 0 0 0 0 0 0 0 0 0 0 0 0 0 0 0 0 0 0 0 0 0 0 0 0 0 0 0 0 0 0 0 0 0 0 0 0 0 0 0 0 0 0 0 0 0 0 0 0 0 0 0 0 0 0 0 0 0 0 0 0 0 0 0 0]
[6857739475030469090698991676414993677095760384242389943046898323448032475321709224638467765648831879017373264012377118764884787135799446215052374265751649472866411110761108464997613917881337478813145977853940614440812158062321469640697792024510519137010236598744476146463835588525622433022026442656702 0 0 0 0 0 0 0 0 0 0 0 0 0 0 0 0 0 0 0 1 0 0 0 0 0 0 0 0 0 0 0 0 0 0 0 0 0 0 0 0 0 0 0 0 0 0 0 0 0 0 0 0 0 0 0 0 0 0 0 0 0 0 0 0 0 0 0 0 0 0 0 0 0 0 0 0 0 0 0 0 0 0 0 0 0 0 0 0 0 0 0 0 0 0 0 0 0 0 0]
[345446894274512628603213273006918827799989300676729250996613482916462205309460529625187215711572328498063649565582349590354490695854474148506621330310688350262220453406357396764734548788659243792798769716809149233104506918248249322177929316782399960265850987761174982309532875222207881232266971187433 0 0 0 0 0 0 0 0 0 0 0 0 0 0 0 0 0 0 0 0 1 0 0 0 0 0 0 0 0 0 0 0 0 0 0 0 0 0 0 0 0 0 0 0 0 0 0 0 0 0 0 0 0 0 0 0 0 0 0 0 0 0 0 0 0 0 0 0 0 0 0 0 0 0 0 0 0 0 0 0 0 0 0 0 0 0 0 0 0 0 0 0 0 0 0 0 0 0 0]
[4418485302621976438089295251941050223067705615605945147453977280953990279737364132204392717100417364383692121886335738276631080906373585050243522917476096711065836457539250899544758406030469464310501797767960125454384035386452571374925314790737541983185512042634782293658891382741490697473928958589353 0 0 0 0 0 0 0 0 0 0 0 0 0 0 0 0 0 0 0 0 0 1 0 0 0 0 0 0 0 0 0 0 0 0 0 0 0 0 0 0 0 0 0 0 0 0 0 0 0 0 0 0 0 0 0 0 0 0 0 0 0 0 0 0 0 0 0 0 0 0 0 0 0 0 0 0 0 0 0 0 0 0 0 0 0 0 0 0 0 0 0 0 0 0 0 0 0 0 0]
[502745370651176447391847865145495267379589908620844863115933975293371599830540979717629364889584820847336959320763064050170843995564202509929580230636585482033567626733723657596448622368919552731877860446474155937686258480560207737491788270713804086693383971591701546666487902270476141880767020993904 0 0 0 0 0 0 0 0 0 0 0 0 0 0 0 0 0 0 0 0 0 0 1 0 0 0 0 0 0 0 0 0 0 0 0 0 0 0 0 0 0 0 0 0 0 0 0 0 0 0 0 0 0 0 0 0 0 0 0 0 0 0 0 0 0 0 0 0 0 0 0 0 0 0 0 0 0 0 0 0 0 0 0 0 0 0 0 0 0 0 0 0 0 0 0 0 0 0 0]
[7863822199874720991400926035366115053944034097610636389810792891811631630531135607408385273234255866371587029986842505258123342083238985653686192135640393085914773158103318773433746521518405777041741910471432587923088446111500322852000389851210095957280471774256400890671472223964443688650715918939641 0 0 0 0 0 0 0 0 0 0 0 0 0 0 0 0 0 0 0 0 0 0 0 1 0 0 0 0 0 0 0 0 0 0 0 0 0 0 0 0 0 0 0 0 0 0 0 0 0 0 0 0 0 0 0 0 0 0 0 0 0 0 0 0 0 0 0 0 0 0 0 0 0 0 0 0 0 0 0 0 0 0 0 0 0 0 0 0 0 0 0 0 0 0 0 0 0 0 0]
[1175407359520011850659050702150424608154195550321716423178339454164169842705073463230699833133442775136771718882367488044100623018192944409706816940754089256305935554725121918654799473879817374825076802795400581814086815388446594564439903722015897297893762989841713144676520323683197116454942805078995 0 0 0 0 0 0 0 0 0 0 0 0 0 0 0 0 0 0 0 0 0 0 0 0 1 0 0 0 0 0 0 0 0 0 0 0 0 0 0 0 0 0 0 0 0 0 0 0 0 0 0 0 0 0 0 0 0 0 0 0 0 0 0 0 0 0 0 0 0 0 0 0 0 0 0 0 0 0 0 0 0 0 0 0 0 0 0 0 0 0 0 0 0 0 0 0 0 0 0]
[3107061315764758087650535404954114152206436919270448070165141951094953487034976211274855813726240293227456905706206129240004170018542544516880267185570289716252393035141714693212889495395144337832732931060594738338583561947601067747308508936007480294617859114388445252112033858670316568203649321002277 0 0 0 0 0 0 0 0 0 0 0 0 0 0 0 0 0 0 0 0 0 0 0 0 0 1 0 0 0 0 0 0 0 0 0 0 0 0 0 0 0 0 0 0 0 0 0 0 0 0 0 0 0 0 0 0 0 0 0 0 0 0 0 0 0 0 0 0 0 0 0 0 0 0 0 0 0 0 0 0 0 0 0 0 0 0 0 0 0 0 0 0 0 0 0 0 0 0 0]
[5257975462560787847957176994786301978722654578266837881390185643255866302504331555338163836377060247382648219833595819552906943606107555722621416644287764527017206569698595654889156001143805454548249933398051965063715475953637687551983283385073784352629336450212924305631073612427424879435529266124371 0 0 0 0 0 0 0 0 0 0 0 0 0 0 0 0 0 0 0 0 0 0 0 0 0 0 1 0 0 0 0 0 0 0 0 0 0 0 0 0 0 0 0 0 0 0 0 0 0 0 0 0 0 0 0 0 0 0 0 0 0 0 0 0 0 0 0 0 0 0 0 0 0 0 0 0 0 0 0 0 0 0 0 0 0 0 0 0 0 0 0 0 0 0 0 0 0 0 0]
[7922391949408652812005371799075950398337227343308945200296573252858157514377489488546195382365303919172313231335881491664186088849174385889004729254819547602780260488360073065864188574603998456916560138339977110055856191631937150323349917170010005003779656333280226913478324608205727426186985265690800 0 0 0 0 0 0 0 0 0 0 0 0 0 0 0 0 0 0 0 0 0 0 0 0 0 0 0 1 0 0 0 0 0 0 0 0 0 0 0 0 0 0 0 0 0 0 0 0 0 0 0 0 0 0 0 0 0 0 0 0 0 0 0 0 0 0 0 0 0 0 0 0 0 0 0 0 0 0 0 0 0 0 0 0 0 0 0 0 0 0 0 0 0 0 0 0 0 0 0]
[2704879798015085747920714218918846426617001401433368248279347403633513170264654001637289818680560454118875235311427924084381462181161477830707393959635184807682938588140435999728865326134121246502844361003658036182080999859974499436390924740296840903515198132656696469267585553184742687180883145158912 0 0 0 0 0 0 0 0 0 0 0 0 0 0 0 0 0 0 0 0 0 0 0 0 0 0 0 0 1 0 0 0 0 0 0 0 0 0 0 0 0 0 0 0 0 0 0 0 0 0 0 0 0 0 0 0 0 0 0 0 0 0 0 0 0 0 0 0 0 0 0 0 0 0 0 0 0 0 0 0 0 0 0 0 0 0 0 0 0 0 0 0 0 0 0 0 0 0 0]
[1393657255547697519480769885111697435061396158056981605330713045605360361489230887233609808479018400711918895933818146621982842941891886676502301050410969344290488925727253234224868935760769541055377123197352309668289479798492492630815996790360403869150043888897162731785898571836318540259191757294365 0 0 0 0 0 0 0 0 0 0 0 0 0 0 0 0 0 0 0 0 0 0 0 0 0 0 0 0 0 1 0 0 0 0 0 0 0 0 0 0 0 0 0 0 0 0 0 0 0 0 0 0 0 0 0 0 0 0 0 0 0 0 0 0 0 0 0 0 0 0 0 0 0 0 0 0 0 0 0 0 0 0 0 0 0 0 0 0 0 0 0 0 0 0 0 0 0 0 0]
[5879909486718586243521814194452158161773944592847374816269036477457410235924348987211670381739041829815201467218812719465218432147638383092599757671150075155109697167559458700425745480067231109494792488507090486829149416454581111708460431606595161546555239394693717081511302096684746495378217970202181 0 0 0 0 0 0 0 0 0 0 0 0 0 0 0 0 0 0 0 0 0 0 0 0 0 0 0 0 0 0 1 0 0 0 0 0 0 0 0 0 0 0 0 0 0 0 0 0 0 0 0 0 0 0 0 0 0 0 0 0 0 0 0 0 0 0 0 0 0 0 0 0 0 0 0 0 0 0 0 0 0 0 0 0 0 0 0 0 0 0 0 0 0 0 0 0 0 0 0]
[574670553445353433500432667623644849229219582977314110432570287356121636711501165528235711706307928236455565480505657931162719675127270538139558683572042217177005463430332289007619674030610586271104796777631564775448552837115007341303376190076173854045949740818327176501469789957563897694732056728242 0 0 0 0 0 0 0 0 0 0 0 0 0 0 0 0 0 0 0 0 0 0 0 0 0 0 0 0 0 0 0 1 0 0 0 0 0 0 0 0 0 0 0 0 0 0 0 0 0 0 0 0 0 0 0 0 0 0 0 0 0 0 0 0 0 0 0 0 0 0 0 0 0 0 0 0 0 0 0 0 0 0 0 0 0 0 0 0 0 0 0 0 0 0 0 0 0 0 0]
[5783410039203554582774708783091087834478121322416183708506871842354855423897517129200909880797765621771774143759975055651024355752932252384087351666256847424867395704295656830559155419237343432624848291053513601399527417357758012631930148662699483407519605298389037081272061264407783559872519555250444 0 0 0 0 0 0 0 0 0 0 0 0 0 0 0 0 0 0 0 0 0 0 0 0 0 0 0 0 0 0 0 0 1 0 0 0 0 0 0 0 0 0 0 0 0 0 0 0 0 0 0 0 0 0 0 0 0 0 0 0 0 0 0 0 0 0 0 0 0 0 0 0 0 0 0 0 0 0 0 0 0 0 0 0 0 0 0 0 0 0 0 0 0 0 0 0 0 0 0]
[2832304822302775636590629400386346540327014086729783566490408294004081017067952981984945486357142968368536471450826755626541890020249793634517310383391949901862823627278023985905843191680098509812035264851108648220286970197863019774164512856725893753428168442080208816281853891320020550586882908623251 0 0 0 0 0 0 0 0 0 0 0 0 0 0 0 0 0 0 0 0 0 0 0 0 0 0 0 0 0 0 0 0 0 1 0 0 0 0 0 0 0 0 0 0 0 0 0 0 0 0 0 0 0 0 0 0 0 0 0 0 0 0 0 0 0 0 0 0 0 0 0 0 0 0 0 0 0 0 0 0 0 0 0 0 0 0 0 0 0 0 0 0 0 0 0 0 0 0 0]
[8497221656835160251355265998181206259552727222766651026241810213670998527684532621463112573992845973218822964257750477558721318212887965283714636097617823513306429090351805521410182351772900256395849568830826851402806097701746705041542907909172583027851973768429785194440166496607668485950171454873142 0 0 0 0 0 0 0 0 0 0 0 0 0 0 0 0 0 0 0 0 0 0 0 0 0 0 0 0 0 0 0 0 0 0 1 0 0 0 0 0 0 0 0 0 0 0 0 0 0 0 0 0 0 0 0 0 0 0 0 0 0 0 0 0 0 0 0 0 0 0 0 0 0 0 0 0 0 0 0 0 0 0 0 0 0 0 0 0 0 0 0 0 0 0 0 0 0 0 0]
[1740389981420827089624364177030236826864934253857952511579764478413103343740448888552345199483910274427213219142980939158751230213906568559432773849642345230217582281136634069035042207312886988217732725667126335679331283812843802316494749504746976630718619988124471690183729405396837043502414156988905 0 0 0 0 0 0 0 0 0 0 0 0 0 0 0 0 0 0 0 0 0 0 0 0 0 0 0 0 0 0 0 0 0 0 0 1 0 0 0 0 0 0 0 0 0 0 0 0 0 0 0 0 0 0 0 0 0 0 0 0 0 0 0 0 0 0 0 0 0 0 0 0 0 0 0 0 0 0 0 0 0 0 0 0 0 0 0 0 0 0 0 0 0 0 0 0 0 0 0]
[50554794589884483416896209205769145477281288575122146441862146126852593418877297129661728611250747213980613191584800033022086786737291564444846777795176283437639376387248099913106421348976442616977827551830324689454157663287764992916043812403562114937121823130206659142150961813229394273881176504795 0 0 0 0 0 0 0 0 0 0 0 0 0 0 0 0 0 0 0 0 0 0 0 0 0 0 0 0 0 0 0 0 0 0 0 0 1 0 0 0 0 0 0 0 0 0 0 0 0 0 0 0 0 0 0 0 0 0 0 0 0 0 0 0 0 0 0 0 0 0 0 0 0 0 0 0 0 0 0 0 0 0 0 0 0 0 0 0 0 0 0 0 0 0 0 0 0 0 0]
[4484012429814734324783508724772401575789029548630950848222619346003090703619440813470348203126548846847908814443879682062760440514878872897249108762902613513076922029345025069506330054393542753843985342810590349781488774092024627691306500209136378234085004153435359280303510192566822450244727377436771 0 0 0 0 0 0 0 0 0 0 0 0 0 0 0 0 0 0 0 0 0 0 0 0 0 0 0 0 0 0 0 0 0 0 0 0 0 1 0 0 0 0 0 0 0 0 0 0 0 0 0 0 0 0 0 0 0 0 0 0 0 0 0 0 0 0 0 0 0 0 0 0 0 0 0 0 0 0 0 0 0 0 0 0 0 0 0 0 0 0 0 0 0 0 0 0 0 0 0]
[732633474862443003343980117431076970726270255498323455518085938348859163194747684485162828986219890761034610892847844386356566227566270411991478071425892080814889455207666646197726003690742097094944741587103739558989780618862421554835553946553432167814634751367129291585442912419257793258253138153429 0 0 0 0 0 0 0 0 0 0 0 0 0 0 0 0 0 0 0 0 0 0 0 0 0 0 0 0 0 0 0 0 0 0 0 0 0 0 1 0 0 0 0 0 0 0 0 0 0 0 0 0 0 0 0 0 0 0 0 0 0 0 0 0 0 0 0 0 0 0 0 0 0 0 0 0 0 0 0 0 0 0 0 0 0 0 0 0 0 0 0 0 0 0 0 0 0 0 0]
[274569797604231535709978544000364863851535789614431765300387402046951426926533036170509636351850184354821105023618766916620776811065265736634686502935656550512660954353488869100626001709824163419686394514365335970555392401237514608717978473772939766023261502984678310798509354274192138025502698819870 0 0 0 0 0 0 0 0 0 0 0 0 0 0 0 0 0 0 0 0 0 0 0 0 0 0 0 0 0 0 0 0 0 0 0 0 0 0 0 1 0 0 0 0 0 0 0 0 0 0 0 0 0 0 0 0 0 0 0 0 0 0 0 0 0 0 0 0 0 0 0 0 0 0 0 0 0 0 0 0 0 0 0 0 0 0 0 0 0 0 0 0 0 0 0 0 0 0 0]
[3506805076553973508593332646457841731728012069319488712112597743678908101558493376408730894483022233016125337199813359021177819470446457443788676369655460718853612257429042251444694175020631820666702459503721680158444591214036764077569387873229900747995895221542015745619707719353360439319770095733341 0 0 0 0 0 0 0 0 0 0 0 0 0 0 0 0 0 0 0 0 0 0 0 0 0 0 0 0 0 0 0 0 0 0 0 0 0 0 0 0 1 0 0 0 0 0 0 0 0 0 0 0 0 0 0 0 0 0 0 0 0 0 0 0 0 0 0 0 0 0 0 0 0 0 0 0 0 0 0 0 0 0 0 0 0 0 0 0 0 0 0 0 0 0 0 0 0 0 0]
[4971442494733737777185927155375111645682959387346203429974006749506802686629243352046143983667706656550196445541624082458691286481994816094207461844059671282217312312893974684213816991309641143420899396422141482598009937316779499597896226618102046802710371793426306026434675089220338491238841211364752 0 0 0 0 0 0 0 0 0 0 0 0 0 0 0 0 0 0 0 0 0 0 0 0 0 0 0 0 0 0 0 0 0 0 0 0 0 0 0 0 0 1 0 0 0 0 0 0 0 0 0 0 0 0 0 0 0 0 0 0 0 0 0 0 0 0 0 0 0 0 0 0 0 0 0 0 0 0 0 0 0 0 0 0 0 0 0 0 0 0 0 0 0 0 0 0 0 0 0]
[202415242458263166934752984848794138337186142326968060529099654103809190105311245990506644529811773407715485686160565109707167605643691913110706142860552964285409989454976743180516841632078044298358127437575432455836043394002665027276457412943870694018418443721245705284780309664683715379221663118458 0 0 0 0 0 0 0 0 0 0 0 0 0 0 0 0 0 0 0 0 0 0 0 0 0 0 0 0 0 0 0 0 0 0 0 0 0 0 0 0 0 0 1 0 0 0 0 0 0 0 0 0 0 0 0 0 0 0 0 0 0 0 0 0 0 0 0 0 0 0 0 0 0 0 0 0 0 0 0 0 0 0 0 0 0 0 0 0 0 0 0 0 0 0 0 0 0 0 0]
[7846293523008644066481563464871697123370051884021841813600965866448908781103265808612210758352518048232253008322188660802451372177131717515656446318754082903547554320211117681014373943708694110977720072847913889429701849494588619932173728019797874626100379335712874852780961480656196610788247699894908 0 0 0 0 0 0 0 0 0 0 0 0 0 0 0 0 0 0 0 0 0 0 0 0 0 0 0 0 0 0 0 0 0 0 0 0 0 0 0 0 0 0 0 1 0 0 0 0 0 0 0 0 0 0 0 0 0 0 0 0 0 0 0 0 0 0 0 0 0 0 0 0 0 0 0 0 0 0 0 0 0 0 0 0 0 0 0 0 0 0 0 0 0 0 0 0 0 0 0]
[3633779924727892787562905852747450583558602304776610502036756622663570263003649837676944059020977072640953059297509715461787154840398183265396040752092009857761819835359206067214246295279332397227897901229759098023661986159983403701278772905270043111090078695778781183537324662481013559094280468754179 0 0 0 0 0 0 0 0 0 0 0 0 0 0 0 0 0 0 0 0 0 0 0 0 0 0 0 0 0 0 0 0 0 0 0 0 0 0 0 0 0 0 0 0 1 0 0 0 0 0 0 0 0 0 0 0 0 0 0 0 0 0 0 0 0 0 0 0 0 0 0 0 0 0 0 0 0 0 0 0 0 0 0 0 0 0 0 0 0 0 0 0 0 0 0 0 0 0 0]
[7848508738334857887085414691080789118862611113181217353764907235223339646860975821213911413895032051995876506822954029280840981571276202487463731895994870646350886324364990493064158893339157900520605057676428078891379310755486365537151792031954551194516598759534462158410818985223663443664524592869091 0 0 0 0 0 0 0 0 0 0 0 0 0 0 0 0 0 0 0 0 0 0 0 0 0 0 0 0 0 0 0 0 0 0 0 0 0 0 0 0 0 0 0 0 0 1 0 0 0 0 0 0 0 0 0 0 0 0 0 0 0 0 0 0 0 0 0 0 0 0 0 0 0 0 0 0 0 0 0 0 0 0 0 0 0 0 0 0 0 0 0 0 0 0 0 0 0 0 0]
[3290781716767213377553600780261233612632452821157714657636637336252301214004483409123970861004001166821711761913298275007358519617125179370562790206563536259316637839842312823043299561898143272151318988257230634083265681096024871428390357609050062395826629814039905493836313650473496309227603230072344 0 0 0 0 0 0 0 0 0 0 0 0 0 0 0 0 0 0 0 0 0 0 0 0 0 0 0 0 0 0 0 0 0 0 0 0 0 0 0 0 0 0 0 0 0 0 1 0 0 0 0 0 0 0 0 0 0 0 0 0 0 0 0 0 0 0 0 0 0 0 0 0 0 0 0 0 0 0 0 0 0 0 0 0 0 0 0 0 0 0 0 0 0 0 0 0 0 0 0]
[2837568926042786975423482683962773261002094891300487309853107829925867130415417308180317440535944586991235081808295631996813529595989692683835333411732714293451638963285823689507899133398350537326808110148791625470000043252326774794743723325272067599997812178569848231028561928055240050854486931540658 0 0 0 0 0 0 0 0 0 0 0 0 0 0 0 0 0 0 0 0 0 0 0 0 0 0 0 0 0 0 0 0 0 0 0 0 0 0 0 0 0 0 0 0 0 0 0 1 0 0 0 0 0 0 0 0 0 0 0 0 0 0 0 0 0 0 0 0 0 0 0 0 0 0 0 0 0 0 0 0 0 0 0 0 0 0 0 0 0 0 0 0 0 0 0 0 0 0 0]
[6299422082541367762755352637817180471428448566497557554308159970877247032932351492659037064869123634069176031968461135848097679034433523055515142660442860364237570831483228111757177373868797317681946753189661716258551191539523716165840757517621149838564898060627382901386451422317363650252582614233694 0 0 0 0 0 0 0 0 0 0 0 0 0 0 0 0 0 0 0 0 0 0 0 0 0 0 0 0 0 0 0 0 0 0 0 0 0 0 0 0 0 0 0 0 0 0 0 0 1 0 0 0 0 0 0 0 0 0 0 0 0 0 0 0 0 0 0 0 0 0 0 0 0 0 0 0 0 0 0 0 0 0 0 0 0 0 0 0 0 0 0 0 0 0 0 0 0 0 0]
[2419826158629718274494636379441497079613462129142318684028174624114516481651966288074960369713396876901181388061121383420255976698860974637685096263056164706272822605010666801723797356266952109667287576897429748024820210610225648375917262170603319923839634524789078598394394124483444489857712574063392 0 0 0 0 0 0 0 0 0 0 0 0 0 0 0 0 0 0 0 0 0 0 0 0 0 0 0 0 0 0 0 0 0 0 0 0 0 0 0 0 0 0 0 0 0 0 0 0 0 1 0 0 0 0 0 0 0 0 0 0 0 0 0 0 0 0 0 0 0 0 0 0 0 0 0 0 0 0 0 0 0 0 0 0 0 0 0 0 0 0 0 0 0 0 0 0 0 0 0]
[8443309989908007177781714618627096495304076306690705144610675438742453416151042273084716774557224869811022693837863234940170986972464088495701079856135949024152615893371786889375018073294272162960652650958072109600559581764328091144269565502259586811422855305147115462272808980590605685095990069580905 0 0 0 0 0 0 0 0 0 0 0 0 0 0 0 0 0 0 0 0 0 0 0 0 0 0 0 0 0 0 0 0 0 0 0 0 0 0 0 0 0 0 0 0 0 0 0 0 0 0 1 0 0 0 0 0 0 0 0 0 0 0 0 0 0 0 0 0 0 0 0 0 0 0 0 0 0 0 0 0 0 0 0 0 0 0 0 0 0 0 0 0 0 0 0 0 0 0 0]
[5019995495117233778152795482173473140383297209191424585407114463211415764007612602923527547087379840737709694664039988796113380727367227472097267194091482430002617166455420810212404085208892174639060423047958381749190751377369627457040228230991117316261297943434257622027629576353326842112681737883306 0 0 0 0 0 0 0 0 0 0 0 0 0 0 0 0 0 0 0 0 0 0 0 0 0 0 0 0 0 0 0 0 0 0 0 0 0 0 0 0 0 0 0 0 0 0 0 0 0 0 0 1 0 0 0 0 0 0 0 0 0 0 0 0 0 0 0 0 0 0 0 0 0 0 0 0 0 0 0 0 0 0 0 0 0 0 0 0 0 0 0 0 0 0 0 0 0 0 0]
[3513473006079764958692335776075434407568964790361187596597581280035370299938842198382643695698068403212426130911627448752645126968504014232356222456241949752493984226210803535489683902372994854202463770911867660363216640239214925914903292576241502313818175314470120572901949191301544182388273964286530 0 0 0 0 0 0 0 0 0 0 0 0 0 0 0 0 0 0 0 0 0 0 0 0 0 0 0 0 0 0 0 0 0 0 0 0 0 0 0 0 0 0 0 0 0 0 0 0 0 0 0 0 1 0 0 0 0 0 0 0 0 0 0 0 0 0 0 0 0 0 0 0 0 0 0 0 0 0 0 0 0 0 0 0 0 0 0 0 0 0 0 0 0 0 0 0 0 0 0]
[8234540167972555376563892479128277652421408940876560816988008504430813184383268705466396771137509371196205017764031401514864004344703972266135669124644079437394016740879965392729375511955154324416883067473605262662087644943218768351013132705888403678196884769060659811116314378326702895398834905426779 0 0 0 0 0 0 0 0 0 0 0 0 0 0 0 0 0 0 0 0 0 0 0 0 0 0 0 0 0 0 0 0 0 0 0 0 0 0 0 0 0 0 0 0 0 0 0 0 0 0 0 0 0 1 0 0 0 0 0 0 0 0 0 0 0 0 0 0 0 0 0 0 0 0 0 0 0 0 0 0 0 0 0 0 0 0 0 0 0 0 0 0 0 0 0 0 0 0 0]
[2233852107580644308888424981613273882613421426066315326151040103892569803864795081387917070821889111891287392032730002492045706043740112950001780007944551589500149810382426001039407267285253228789969222800072133837686612623803102638938997111434265279745937000180880691074459899164971825072900227745138 0 0 0 0 0 0 0 0 0 0 0 0 0 0 0 0 0 0 0 0 0 0 0 0 0 0 0 0 0 0 0 0 0 0 0 0 0 0 0 0 0 0 0 0 0 0 0 0 0 0 0 0 0 0 1 0 0 0 0 0 0 0 0 0 0 0 0 0 0 0 0 0 0 0 0 0 0 0 0 0 0 0 0 0 0 0 0 0 0 0 0 0 0 0 0 0 0 0 0]
[2883433020000701351853834625882825154782265592434099603331051471866917921189825632222763769705977005185032995752493898482964690233782986518712622938267940593208715418117105205341346135264123492110344379046237641845452710623715383250890133811363901483737175239717213683163210540099542934461137033712038 0 0 0 0 0 0 0 0 0 0 0 0 0 0 0 0 0 0 0 0 0 0 0 0 0 0 0 0 0 0 0 0 0 0 0 0 0 0 0 0 0 0 0 0 0 0 0 0 0 0 0 0 0 0 0 1 0 0 0 0 0 0 0 0 0 0 0 0 0 0 0 0 0 0 0 0 0 0 0 0 0 0 0 0 0 0 0 0 0 0 0 0 0 0 0 0 0 0 0]
[8187147662018407882180104597098340153460991419793589447239405564194454269752592961869060256109574268045639879340365166452912948275876332337567690476578582501891280164930679201445830397562855291465642106878067037373456006686648130084102585655005840542157866448566842765280476731483188658802412983819242 0 0 0 0 0 0 0 0 0 0 0 0 0 0 0 0 0 0 0 0 0 0 0 0 0 0 0 0 0 0 0 0 0 0 0 0 0 0 0 0 0 0 0 0 0 0 0 0 0 0 0 0 0 0 0 0 1 0 0 0 0 0 0 0 0 0 0 0 0 0 0 0 0 0 0 0 0 0 0 0 0 0 0 0 0 0 0 0 0 0 0 0 0 0 0 0 0 0 0]
[6618140299700422222227421507294583783142653164340347483231735071380485083121003151545438898746421128125803791591518028413766389999542162410356968261448983280071082187194776721677351974842035135999584624013404839704939641632731517339016367128287736643802183088389181665124700180047704311356530529016214 0 0 0 0 0 0 0 0 0 0 0 0 0 0 0 0 0 0 0 0 0 0 0 0 0 0 0 0 0 0 0 0 0 0 0 0 0 0 0 0 0 0 0 0 0 0 0 0 0 0 0 0 0 0 0 0 0 1 0 0 0 0 0 0 0 0 0 0 0 0 0 0 0 0 0 0 0 0 0 0 0 0 0 0 0 0 0 0 0 0 0 0 0 0 0 0 0 0 0]
[4786712825003012963668578268953453313561937253038544154928149663876003124059429452487644602700859241318594739251486905974457975164899057320599029380169553952737158695687668326613227856111773826577700884417391471853032315837557372041569629659119918626235936712924268762908239130162773925716403937698962 0 0 0 0 0 0 0 0 0 0 0 0 0 0 0 0 0 0 0 0 0 0 0 0 0 0 0 0 0 0 0 0 0 0 0 0 0 0 0 0 0 0 0 0 0 0 0 0 0 0 0 0 0 0 0 0 0 0 1 0 0 0 0 0 0 0 0 0 0 0 0 0 0 0 0 0 0 0 0 0 0 0 0 0 0 0 0 0 0 0 0 0 0 0 0 0 0 0 0]
[5506782114189932384558830101730834578122898732690518776345742035971666948990739738943708584654777311925382736871082847666936970796615097775558338141359951689336634076320974664056536264014870875703511352621861515794407200981969050272321728208069913786117434579983247697128682532831206636978698798185017 0 0 0 0 0 0 0 0 0 0 0 0 0 0 0 0 0 0 0 0 0 0 0 0 0 0 0 0 0 0 0 0 0 0 0 0 0 0 0 0 0 0 0 0 0 0 0 0 0 0 0 0 0 0 0 0 0 0 0 1 0 0 0 0 0 0 0 0 0 0 0 0 0 0 0 0 0 0 0 0 0 0 0 0 0 0 0 0 0 0 0 0 0 0 0 0 0 0 0]
[694073664266995857010673167201003183471174335046885461362871190292202419218598936152338048587294025842299254039756156208580215556898856760407940973292095822870569117483205833308988161544534748825978711472701420474576029116117034316675221614918139376738484471272838984245938365500350417751496405155638 0 0 0 0 0 0 0 0 0 0 0 0 0 0 0 0 0 0 0 0 0 0 0 0 0 0 0 0 0 0 0 0 0 0 0 0 0 0 0 0 0 0 0 0 0 0 0 0 0 0 0 0 0 0 0 0 0 0 0 0 1 0 0 0 0 0 0 0 0 0 0 0 0 0 0 0 0 0 0 0 0 0 0 0 0 0 0 0 0 0 0 0 0 0 0 0 0 0 0]
[3312775269048288280948964775972503266651036671455932557713849332042898694775929322770755493816683816644781023901160626605479592474984971209665653958038702922474089217870507912434449113460648160452978481018699416268442995094809293716437147471794263131309378019368798933598676273805023790823096820889149 0 0 0 0 0 0 0 0 0 0 0 0 0 0 0 0 0 0 0 0 0 0 0 0 0 0 0 0 0 0 0 0 0 0 0 0 0 0 0 0 0 0 0 0 0 0 0 0 0 0 0 0 0 0 0 0 0 0 0 0 0 1 0 0 0 0 0 0 0 0 0 0 0 0 0 0 0 0 0 0 0 0 0 0 0 0 0 0 0 0 0 0 0 0 0 0 0 0 0]
[972930500201075867832254302671017846523523126215167818666370014220845930883768211027434353481621032967558472003327970263523348111588733144479551970602896884213874834600620190322069991769481807359446126453561106300029159196040957267271055356699404922146007506139613775340324647608736458218105687944399 0 0 0 0 0 0 0 0 0 0 0 0 0 0 0 0 0 0 0 0 0 0 0 0 0 0 0 0 0 0 0 0 0 0 0 0 0 0 0 0 0 0 0 0 0 0 0 0 0 0 0 0 0 0 0 0 0 0 0 0 0 0 1 0 0 0 0 0 0 0 0 0 0 0 0 0 0 0 0 0 0 0 0 0 0 0 0 0 0 0 0 0 0 0 0 0 0 0 0]
[7364720869307475806238075372289765725747826370830631982482741069026949145785516142560554428357497832777052158787083183657064738528098179587925445985180975725510582886732984102924881656352907624098346935743572671397121925536809532276948724914967167441144701101624027081107551855368870717872788638072285 0 0 0 0 0 0 0 0 0 0 0 0 0 0 0 0 0 0 0 0 0 0 0 0 0 0 0 0 0 0 0 0 0 0 0 0 0 0 0 0 0 0 0 0 0 0 0 0 0 0 0 0 0 0 0 0 0 0 0 0 0 0 0 1 0 0 0 0 0 0 0 0 0 0 0 0 0 0 0 0 0 0 0 0 0 0 0 0 0 0 0 0 0 0 0 0 0 0 0]
[3231225006273086967905829341548959186864264344344463884285209758744455487620753334483799859696883129763007767853866361984309292461478208891523859122726536755365896666581479140881460851473366153136141921650016947430360135879472474039345592583863847364991560184792443791280627226349262752854983117088380 0 0 0 0 0 0 0 0 0 0 0 0 0 0 0 0 0 0 0 0 0 0 0 0 0 0 0 0 0 0 0 0 0 0 0 0 0 0 0 0 0 0 0 0 0 0 0 0 0 0 0 0 0 0 0 0 0 0 0 0 0 0 0 0 1 0 0 0 0 0 0 0 0 0 0 0 0 0 0 0 0 0 0 0 0 0 0 0 0 0 0 0 0 0 0 0 0 0 0]
[2957312716579509878341711592537455677662084869086602113972049744404791360050606563542381496881973842238591141646433607174568419657032371000220142264846147302934301625347467424826939247851514390922856540036764817839030557597493941926123544993078290690720877091359808957370823674018658775310683579947009 0 0 0 0 0 0 0 0 0 0 0 0 0 0 0 0 0 0 0 0 0 0 0 0 0 0 0 0 0 0 0 0 0 0 0 0 0 0 0 0 0 0 0 0 0 0 0 0 0 0 0 0 0 0 0 0 0 0 0 0 0 0 0 0 0 1 0 0 0 0 0 0 0 0 0 0 0 0 0 0 0 0 0 0 0 0 0 0 0 0 0 0 0 0 0 0 0 0 0]
[873897503130716778674801398657441125035323123142232309186839669588724161005741937053086228532668824074830586899021543102311237431439334503534228621637670829505017423757834311011846739175028639923571202487291946654177493361713779346139952184471198255264443987686345566803619364289464192211461426488462 0 0 0 0 0 0 0 0 0 0 0 0 0 0 0 0 0 0 0 0 0 0 0 0 0 0 0 0 0 0 0 0 0 0 0 0 0 0 0 0 0 0 0 0 0 0 0 0 0 0 0 0 0 0 0 0 0 0 0 0 0 0 0 0 0 0 1 0 0 0 0 0 0 0 0 0 0 0 0 0 0 0 0 0 0 0 0 0 0 0 0 0 0 0 0 0 0 0 0]
[2346184323739129520030529090932743929491099382077039785291214019433189326502851099130964709695160669076348077349374662120044628232923735649668827276587945164484184079955271670595179118185449051315268630488284675345713670425454706222162107107945188669699141044312537167284284127427680030380839541544802 0 0 0 0 0 0 0 0 0 0 0 0 0 0 0 0 0 0 0 0 0 0 0 0 0 0 0 0 0 0 0 0 0 0 0 0 0 0 0 0 0 0 0 0 0 0 0 0 0 0 0 0 0 0 0 0 0 0 0 0 0 0 0 0 0 0 0 1 0 0 0 0 0 0 0 0 0 0 0 0 0 0 0 0 0 0 0 0 0 0 0 0 0 0 0 0 0 0 0]
[7128823488130923921342334246295435871102940538297958629633684601938621565744611173395629100133665324619167874532997902224630296273586196976055388053624720307623242332198605718126093372505176852119551759379470266815039350991441714460717033649599343363350499696721669703514791324437780210759079310061498 0 0 0 0 0 0 0 0 0 0 0 0 0 0 0 0 0 0 0 0 0 0 0 0 0 0 0 0 0 0 0 0 0 0 0 0 0 0 0 0 0 0 0 0 0 0 0 0 0 0 0 0 0 0 0 0 0 0 0 0 0 0 0 0 0 0 0 0 1 0 0 0 0 0 0 0 0 0 0 0 0 0 0 0 0 0 0 0 0 0 0 0 0 0 0 0 0 0 0]
[7302492042482373090749943214558317244330153804430596740924479895121351594153678515458128022200649884450670200275638271769667892874470091231405710586515121157067185871025159361630179378090173370585317684105910041697699526652606188186769197453959509121570054208804492785910324915383588538755813328547312 0 0 0 0 0 0 0 0 0 0 0 0 0 0 0 0 0 0 0 0 0 0 0 0 0 0 0 0 0 0 0 0 0 0 0 0 0 0 0 0 0 0 0 0 0 0 0 0 0 0 0 0 0 0 0 0 0 0 0 0 0 0 0 0 0 0 0 0 0 1 0 0 0 0 0 0 0 0 0 0 0 0 0 0 0 0 0 0 0 0 0 0 0 0 0 0 0 0 0]
[2059672342677402744907766285408013920291333530365209194296710198780253880532562512425825041771884084391406107259659903163361734419530896788694939858799088061936635773535911249911235235724520491287821497206019269697782001085919017758232697102533373195489578390541418175989930590221052700375671613117964 0 0 0 0 0 0 0 0 0 0 0 0 0 0 0 0 0 0 0 0 0 0 0 0 0 0 0 0 0 0 0 0 0 0 0 0 0 0 0 0 0 0 0 0 0 0 0 0 0 0 0 0 0 0 0 0 0 0 0 0 0 0 0 0 0 0 0 0 0 0 1 0 0 0 0 0 0 0 0 0 0 0 0 0 0 0 0 0 0 0 0 0 0 0 0 0 0 0 0]
[4765036036168391315274351735070692844996259290115008943066948605088159193535875706551555403886388478152577874659396656129396381703000814390872325989213186112336316762620221798060883295622714691970773157349515475915212247348379957070668201452839663411221685140320942320592741553106640451669632671363810 0 0 0 0 0 0 0 0 0 0 0 0 0 0 0 0 0 0 0 0 0 0 0 0 0 0 0 0 0 0 0 0 0 0 0 0 0 0 0 0 0 0 0 0 0 0 0 0 0 0 0 0 0 0 0 0 0 0 0 0 0 0 0 0 0 0 0 0 0 0 0 1 0 0 0 0 0 0 0 0 0 0 0 0 0 0 0 0 0 0 0 0 0 0 0 0 0 0 0]
[4869359557589928472353055034822551580693467609772711088077370267175120563283139198691686023247302607115006696932065588950244725624901556445285257997790454320981388316264012186857372584747401638351131526863600651820053338791693330946333055976029614476828559789332359909022233583000694312883265871321892 0 0 0 0 0 0 0 0 0 0 0 0 0 0 0 0 0 0 0 0 0 0 0 0 0 0 0 0 0 0 0 0 0 0 0 0 0 0 0 0 0 0 0 0 0 0 0 0 0 0 0 0 0 0 0 0 0 0 0 0 0 0 0 0 0 0 0 0 0 0 0 0 1 0 0 0 0 0 0 0 0 0 0 0 0 0 0 0 0 0 0 0 0 0 0 0 0 0 0]
[5501717181342606695631195300308760140137968030541653328405215405084501720316270966371900281185305890674499171651730148302814832567882122829146448052917688440199234914202811823818755646737133374037405932695975474526276315228306961719371288017230664892715115224496275879271357992193176231534241230369009 0 0 0 0 0 0 0 0 0 0 0 0 0 0 0 0 0 0 0 0 0 0 0 0 0 0 0 0 0 0 0 0 0 0 0 0 0 0 0 0 0 0 0 0 0 0 0 0 0 0 0 0 0 0 0 0 0 0 0 0 0 0 0 0 0 0 0 0 0 0 0 0 0 1 0 0 0 0 0 0 0 0 0 0 0 0 0 0 0 0 0 0 0 0 0 0 0 0 0]
[2352518916529179768646477875355361259598618861448857102030434435732134699972667871259753047612247627550508327930688213693450110258996141372730199404130534903854100018344237443747842506301762618381480112862936310130108278727719093772055456857811359081817947836308777684129089150138221351187188498342975 0 0 0 0 0 0 0 0 0 0 0 0 0 0 0 0 0 0 0 0 0 0 0 0 0 0 0 0 0 0 0 0 0 0 0 0 0 0 0 0 0 0 0 0 0 0 0 0 0 0 0 0 0 0 0 0 0 0 0 0 0 0 0 0 0 0 0 0 0 0 0 0 0 0 1 0 0 0 0 0 0 0 0 0 0 0 0 0 0 0 0 0 0 0 0 0 0 0 0]
[4628635808191340384144692098302731814270763276677963665806721475355394409230607834806908444448555983968390979513540568205933184715572324233363310663850936907198503536793165535002597980986289792448944967599224894318839846690505642024793894893367454601524842643854593302611621984228449381008720039756758 0 0 0 0 0 0 0 0 0 0 0 0 0 0 0 0 0 0 0 0 0 0 0 0 0 0 0 0 0 0 0 0 0 0 0 0 0 0 0 0 0 0 0 0 0 0 0 0 0 0 0 0 0 0 0 0 0 0 0 0 0 0 0 0 0 0 0 0 0 0 0 0 0 0 0 1 0 0 0 0 0 0 0 0 0 0 0 0 0 0 0 0 0 0 0 0 0 0 0]
[7424841211002847223695160141943930642365335268417405850372093005627395295238562319917795403527682990415384748030359371420224316185606111936996442811230569410591038825780740742478082762848912990255776185050940715547201094645270747328359852098714857640860423575800313178759877853336608044463328979640849 0 0 0 0 0 0 0 0 0 0 0 0 0 0 0 0 0 0 0 0 0 0 0 0 0 0 0 0 0 0 0 0 0 0 0 0 0 0 0 0 0 0 0 0 0 0 0 0 0 0 0 0 0 0 0 0 0 0 0 0 0 0 0 0 0 0 0 0 0 0 0 0 0 0 0 0 1 0 0 0 0 0 0 0 0 0 0 0 0 0 0 0 0 0 0 0 0 0 0]
[4678595628983730721562113847695595672466851422287655200233331075522092861811730528801403702603326930993054818742675921581866064888416166084646336093222625061314701045536271683335009024462056401415377236488568680058671530060206507992384213932660047416797620033435753600511421510480708665599825969437563 0 0 0 0 0 0 0 0 0 0 0 0 0 0 0 0 0 0 0 0 0 0 0 0 0 0 0 0 0 0 0 0 0 0 0 0 0 0 0 0 0 0 0 0 0 0 0 0 0 0 0 0 0 0 0 0 0 0 0 0 0 0 0 0 0 0 0 0 0 0 0 0 0 0 0 0 0 1 0 0 0 0 0 0 0 0 0 0 0 0 0 0 0 0 0 0 0 0 0]
[586581667442291532729180723762354696453885728493174686041826670714919000908045769192528082307332855405577681341065329851918369854678970722304985850022290502345764352254194734641911273498372159826604048963801133783112274406407151018615200623870859744765108395901868624429991702859222765165384384071489 0 0 0 0 0 0 0 0 0 0 0 0 0 0 0 0 0 0 0 0 0 0 0 0 0 0 0 0 0 0 0 0 0 0 0 0 0 0 0 0 0 0 0 0 0 0 0 0 0 0 0 0 0 0 0 0 0 0 0 0 0 0 0 0 0 0 0 0 0 0 0 0 0 0 0 0 0 0 1 0 0 0 0 0 0 0 0 0 0 0 0 0 0 0 0 0 0 0 0]
[5124112716365924200416267147412232192460366569270811391560844579683744002998770421810441330773798579058659678644523375792495600517816302347609682364638402154416014711861323894786221735907339564292214203080526536582735526540405731051442018390636782895791248658494814697245080697797059300832085371233050 0 0 0 0 0 0 0 0 0 0 0 0 0 0 0 0 0 0 0 0 0 0 0 0 0 0 0 0 0 0 0 0 0 0 0 0 0 0 0 0 0 0 0 0 0 0 0 0 0 0 0 0 0 0 0 0 0 0 0 0 0 0 0 0 0 0 0 0 0 0 0 0 0 0 0 0 0 0 0 1 0 0 0 0 0 0 0 0 0 0 0 0 0 0 0 0 0 0 0]
[7567903959615649869124867995623051160718034304805430318715202788728762693077244701860332460628083291564848225211663623644024851227446779005589537983266044931517217564044636190047215143568001762810682349224353384489554361607338105126207645279565180656597416497980511715142567101465678827212026076893320 0 0 0 0 0 0 0 0 0 0 0 0 0 0 0 0 0 0 0 0 0 0 0 0 0 0 0 0 0 0 0 0 0 0 0 0 0 0 0 0 0 0 0 0 0 0 0 0 0 0 0 0 0 0 0 0 0 0 0 0 0 0 0 0 0 0 0 0 0 0 0 0 0 0 0 0 0 0 0 0 1 0 0 0 0 0 0 0 0 0 0 0 0 0 0 0 0 0 0]
[8482216050280174311400405781262277872070495451984011496158830415007094238359313864535086377533191224460374584756329967805647108257389789920977785670599903500387776700481297794265933828968897072481845680197075357857901206949955109789916692039498321097697750147283069631812199964187014090323779453526540 0 0 0 0 0 0 0 0 0 0 0 0 0 0 0 0 0 0 0 0 0 0 0 0 0 0 0 0 0 0 0 0 0 0 0 0 0 0 0 0 0 0 0 0 0 0 0 0 0 0 0 0 0 0 0 0 0 0 0 0 0 0 0 0 0 0 0 0 0 0 0 0 0 0 0 0 0 0 0 0 0 1 0 0 0 0 0 0 0 0 0 0 0 0 0 0 0 0 0]
[1801740882649243596109950976593645023940531412372717098778015091384242581597902754627007761591037693697591867203042838000402456045457490392875649038729760765922777803249016907754729161485183030637345177058856796705403111577738828178827663181380157501923313819835269142729373376867776772374275524641247 0 0 0 0 0 0 0 0 0 0 0 0 0 0 0 0 0 0 0 0 0 0 0 0 0 0 0 0 0 0 0 0 0 0 0 0 0 0 0 0 0 0 0 0 0 0 0 0 0 0 0 0 0 0 0 0 0 0 0 0 0 0 0 0 0 0 0 0 0 0 0 0 0 0 0 0 0 0 0 0 0 0 1 0 0 0 0 0 0 0 0 0 0 0 0 0 0 0 0]
[1999156261758394160605302568898447290379687807125400512607081964347812367175237831780586553036078615970912213231938298253546696995818796472608261294591322753779569152944049710894010778393869800830603014149077165521460435925316409694253089663864805298264218780022379201451865626967029803150670483361767 0 0 0 0 0 0 0 0 0 0 0 0 0 0 0 0 0 0 0 0 0 0 0 0 0 0 0 0 0 0 0 0 0 0 0 0 0 0 0 0 0 0 0 0 0 0 0 0 0 0 0 0 0 0 0 0 0 0 0 0 0 0 0 0 0 0 0 0 0 0 0 0 0 0 0 0 0 0 0 0 0 0 0 1 0 0 0 0 0 0 0 0 0 0 0 0 0 0 0]
[6944841979305397495380152920113021332801019040437309092569649307677003970117996067957776637251903136711260657444296891754157761691373057075222287439339111015518761609677097907565832670597684658636414596886690530438694764144579219562887759430302894434871020933416535945618421493977622815067287454016486 0 0 0 0 0 0 0 0 0 0 0 0 0 0 0 0 0 0 0 0 0 0 0 0 0 0 0 0 0 0 0 0 0 0 0 0 0 0 0 0 0 0 0 0 0 0 0 0 0 0 0 0 0 0 0 0 0 0 0 0 0 0 0 0 0 0 0 0 0 0 0 0 0 0 0 0 0 0 0 0 0 0 0 0 1 0 0 0 0 0 0 0 0 0 0 0 0 0 0]
[3488539750363396187277872899363564753549662361776571010562797857990390751268180945558707421055610395785077169301449076541200326017584636314557472015505742689733320812707271575455363907736309639295079370505511103998374578623453589461066860796448848757492602380838943207348350772884933028164147440769478 0 0 0 0 0 0 0 0 0 0 0 0 0 0 0 0 0 0 0 0 0 0 0 0 0 0 0 0 0 0 0 0 0 0 0 0 0 0 0 0 0 0 0 0 0 0 0 0 0 0 0 0 0 0 0 0 0 0 0 0 0 0 0 0 0 0 0 0 0 0 0 0 0 0 0 0 0 0 0 0 0 0 0 0 0 1 0 0 0 0 0 0 0 0 0 0 0 0 0]
[465547496198544728701171074152803752600358996019720968046789907180602297394427844033458156399571074795905591201071986169444268535712633864002986823465940073683400756460385749862012977830989454737279084452997342120112243940453323635535496933210156078462545690980114594824356237741760217144527563320003 0 0 0 0 0 0 0 0 0 0 0 0 0 0 0 0 0 0 0 0 0 0 0 0 0 0 0 0 0 0 0 0 0 0 0 0 0 0 0 0 0 0 0 0 0 0 0 0 0 0 0 0 0 0 0 0 0 0 0 0 0 0 0 0 0 0 0 0 0 0 0 0 0 0 0 0 0 0 0 0 0 0 0 0 0 0 1 0 0 0 0 0 0 0 0 0 0 0 0]
[5399461675549367721394224458967147815469643606471160390589582689128844816200534586889770131872385625216313961846431330514927248761907823201901596746866232561654415458169869452592690376975971457364331328493716052638072260517668776244321982421365221412002949252401888771443113721021731458208433723732556 0 0 0 0 0 0 0 0 0 0 0 0 0 0 0 0 0 0 0 0 0 0 0 0 0 0 0 0 0 0 0 0 0 0 0 0 0 0 0 0 0 0 0 0 0 0 0 0 0 0 0 0 0 0 0 0 0 0 0 0 0 0 0 0 0 0 0 0 0 0 0 0 0 0 0 0 0 0 0 0 0 0 0 0 0 0 0 1 0 0 0 0 0 0 0 0 0 0 0]
[104545896985001450557964396614508227598755329363930347555439768165146362363751823905042964397713739542307292877720517320615262627515849171707179118773524657244618494685754719736282657786684336673186404126986945926872196116856749408919945860633979726876371547611051231763504192324260306094793803272819 0 0 0 0 0 0 0 0 0 0 0 0 0 0 0 0 0 0 0 0 0 0 0 0 0 0 0 0 0 0 0 0 0 0 0 0 0 0 0 0 0 0 0 0 0 0 0 0 0 0 0 0 0 0 0 0 0 0 0 0 0 0 0 0 0 0 0 0 0 0 0 0 0 0 0 0 0 0 0 0 0 0 0 0 0 0 0 0 1 0 0 0 0 0 0 0 0 0 0]
[8071061708674421484754072200126482226071905488999545073494104998027821648659504703111502153857704280909995781020498377151056732777372540430070378877942107255271162789414837983449726738122789001724123516958225949413505533020108803907243532658529453839730005829632529397986063474831511800304491610305446 0 0 0 0 0 0 0 0 0 0 0 0 0 0 0 0 0 0 0 0 0 0 0 0 0 0 0 0 0 0 0 0 0 0 0 0 0 0 0 0 0 0 0 0 0 0 0 0 0 0 0 0 0 0 0 0 0 0 0 0 0 0 0 0 0 0 0 0 0 0 0 0 0 0 0 0 0 0 0 0 0 0 0 0 0 0 0 0 0 1 0 0 0 0 0 0 0 0 0]
[897218965806203816685928627782123540823048358455964010592337059581864559811083491397703720346025841990835322264534829713014580926786902495777017303027958964529774057591479077538326960685109194781425870179221379912416087238741984718437690481022733027699958498897251847266660892677728943562534031183833 0 0 0 0 0 0 0 0 0 0 0 0 0 0 0 0 0 0 0 0 0 0 0 0 0 0 0 0 0 0 0 0 0 0 0 0 0 0 0 0 0 0 0 0 0 0 0 0 0 0 0 0 0 0 0 0 0 0 0 0 0 0 0 0 0 0 0 0 0 0 0 0 0 0 0 0 0 0 0 0 0 0 0 0 0 0 0 0 0 0 1 0 0 0 0 0 0 0 0]
[2916285568551517726636319999942870592875215204104674510484684230968886294008106092339924589113467973926715946331289785641814511033462542525962785721606763929481304553475447922911418093522911743175515250867370411634144675705234020649196079576682431916082511372384463050450534006542409675460353251617554 0 0 0 0 0 0 0 0 0 0 0 0 0 0 0 0 0 0 0 0 0 0 0 0 0 0 0 0 0 0 0 0 0 0 0 0 0 0 0 0 0 0 0 0 0 0 0 0 0 0 0 0 0 0 0 0 0 0 0 0 0 0 0 0 0 0 0 0 0 0 0 0 0 0 0 0 0 0 0 0 0 0 0 0 0 0 0 0 0 0 0 1 0 0 0 0 0 0 0]
[7498153871578588704687855821722190988046896062529439991631497428625658980659162126735511127525259021771397898128051734166800493310496168101502626170812746318635803016283749472739746544776273754544833393360237017155297077476114141091667859706176930890139319893787221068723019178209419478198383738807236 0 0 0 0 0 0 0 0 0 0 0 0 0 0 0 0 0 0 0 0 0 0 0 0 0 0 0 0 0 0 0 0 0 0 0 0 0 0 0 0 0 0 0 0 0 0 0 0 0 0 0 0 0 0 0 0 0 0 0 0 0 0 0 0 0 0 0 0 0 0 0 0 0 0 0 0 0 0 0 0 0 0 0 0 0 0 0 0 0 0 0 0 1 0 0 0 0 0 0]
[3586036516375006011131367484163054478972105845857921544344715499953217749076750629418474402494836200206284537214233126185766435567558632000051555305919027111577331895437105613866889102142944098275344791101844301267647106613550697868922142799444784868310285715859186712303072096005127783325862226123618 0 0 0 0 0 0 0 0 0 0 0 0 0 0 0 0 0 0 0 0 0 0 0 0 0 0 0 0 0 0 0 0 0 0 0 0 0 0 0 0 0 0 0 0 0 0 0 0 0 0 0 0 0 0 0 0 0 0 0 0 0 0 0 0 0 0 0 0 0 0 0 0 0 0 0 0 0 0 0 0 0 0 0 0 0 0 0 0 0 0 0 0 0 1 0 0 0 0 0]
[371153352129092039630740801148724545470122254062021321292961243056881271809058418568926072742833734380584167499280105001425544380399412211314009011182966927787587646076661672302108841298844654851744831032397190295409114827641328773744537142261405006524235700765749978601346745039240094762853383187841 0 0 0 0 0 0 0 0 0 0 0 0 0 0 0 0 0 0 0 0 0 0 0 0 0 0 0 0 0 0 0 0 0 0 0 0 0 0 0 0 0 0 0 0 0 0 0 0 0 0 0 0 0 0 0 0 0 0 0 0 0 0 0 0 0 0 0 0 0 0 0 0 0 0 0 0 0 0 0 0 0 0 0 0 0 0 0 0 0 0 0 0 0 0 1 0 0 0 0]
[6585779854399696935845028497336782364428509332378495826673675752357373740894010157622661912272807794555565214387833003291678393107441468936006088765054187483608704872925853766995037120517480944263074723751294804140643984162193054974018746984277130550504268944006303845863991149223374611888633598170074 0 0 0 0 0 0 0 0 0 0 0 0 0 0 0 0 0 0 0 0 0 0 0 0 0 0 0 0 0 0 0 0 0 0 0 0 0 0 0 0 0 0 0 0 0 0 0 0 0 0 0 0 0 0 0 0 0 0 0 0 0 0 0 0 0 0 0 0 0 0 0 0 0 0 0 0 0 0 0 0 0 0 0 0 0 0 0 0 0 0 0 0 0 0 0 1 0 0 0]
[3474394626383857566813596323535890242185455865145932571914612638902180936024286363390086450546529388711023142426044265049874961418950796568266722502643395130166147081523233080108029894926868628802988083305834320401483991483020669952183936825437828335688661651867053243382193190983538743475863628253004 0 0 0 0 0 0 0 0 0 0 0 0 0 0 0 0 0 0 0 0 0 0 0 0 0 0 0 0 0 0 0 0 0 0 0 0 0 0 0 0 0 0 0 0 0 0 0 0 0 0 0 0 0 0 0 0 0 0 0 0 0 0 0 0 0 0 0 0 0 0 0 0 0 0 0 0 0 0 0 0 0 0 0 0 0 0 0 0 0 0 0 0 0 0 0 0 1 0 0]
[6017950126922929271123454725625309820693938002772610227675782181295878969501884857345912877778575154599891830651823121656648931652498354114822396085019820960340007328418699119086040515791100149504554345988744436813674960009179325256109200336948466722082866195451607984670427390074209863482084913229030 0 0 0 0 0 0 0 0 0 0 0 0 0 0 0 0 0 0 0 0 0 0 0 0 0 0 0 0 0 0 0 0 0 0 0 0 0 0 0 0 0 0 0 0 0 0 0 0 0 0 0 0 0 0 0 0 0 0 0 0 0 0 0 0 0 0 0 0 0 0 0 0 0 0 0 0 0 0 0 0 0 0 0 0 0 0 0 0 0 0 0 0 0 0 0 0 0 1 0]
[3636406816570263579227913991658033990389634320847508669362205843339174218002612408896114373725508465830255397517434767682067055924564682542341917773625490737850379212622441110284204820984310261351704147424403791896763843300334138697221665682859279445709263928905620539430667096461768235311790053188148 0 0 0 0 0 0 0 0 0 0 0 0 0 0 0 0 0 0 0 0 0 0 0 0 0 0 0 0 0 0 0 0 0 0 0 0 0 0 0 0 0 0 0 0 0 0 0 0 0 0 0 0 0 0 0 0 0 0 0 0 0 0 0 0 0 0 0 0 0 0 0 0 0 0 0 0 0 0 0 0 0 0 0 0 0 0 0 0 0 0 0 0 0 0 0 0 0 0 1]
]